     0/109     9.62G      5.42      16.4      45.9      67.6        12       768         0         0    0.0013         0      6.45      12.7      42.5
     1/109     9.64G      5.05      9.84      38.6      53.5        12       768    0.0557   0.00415    0.0144   0.00468      6.22      11.5      38.9
     2/109     9.64G      5.66      7.81      32.2      45.7        12       768      0.12    0.0104    0.0273    0.0172      6.03      8.48      38.2
     3/109     9.64G      5.72       6.6      25.1      37.4        12       768     0.183     0.209     0.154     0.131      4.74       7.4      22.6
     4/109     9.64G      5.56      6.43      18.3      30.3        12       768     0.137     0.218     0.125     0.129      5.46      7.29      22.7
     5/109     9.64G       5.6      6.09      13.4      25.1        12       768     0.191     0.328     0.191      0.18      5.08      7.05      16.4
     6/109     9.64G      5.26      5.92      9.74      20.9        12       768     0.249     0.531     0.335     0.276      4.64      7.21      12.7
     7/109     9.64G      5.07      5.69      7.27        18        12       768     0.233     0.593     0.386     0.303      4.07      7.09      11.8
     8/109     9.64G      4.91       5.5       5.7      16.1        12       768     0.193     0.626       0.3     0.258      4.79      6.71      9.93
     9/109     9.64G      4.76      5.31      4.54      14.6        12       768     0.204      0.64     0.385     0.292      4.24      7.26      10.1
    10/109     9.64G      4.47      5.11      3.62      13.2        12       768     0.264     0.704     0.475      0.36      3.82      7.44      9.08
    11/109     9.64G      4.31      4.86      2.98      12.2        12       768      0.32      0.74     0.534     0.422      3.61      7.54      8.84
    12/109     9.64G       4.1      4.66      2.47      11.2        12       768     0.255     0.702     0.451     0.354      4.16       7.4      9.42
    13/109     9.64G      4.06      4.46      2.07      10.6        12       768       0.3     0.766     0.542     0.411      3.67      7.35      7.68
    14/109     9.64G      3.85      4.26      1.75      9.86        12       768     0.359     0.786     0.613     0.475      3.31      7.55      7.52
    15/109     9.64G      3.68      4.06      1.53      9.27        12       768     0.378     0.794     0.626     0.496       3.1      7.56      7.49
    16/109     9.64G      3.57      3.87      1.33      8.77        12       768     0.293     0.771     0.527     0.408      3.57      7.43       7.5
    17/109     9.64G       3.6      3.72      1.13      8.46        12       768     0.319     0.799     0.594     0.439      3.35      7.72      6.92
    18/109     9.64G      3.46      3.56      1.06      8.07        12       768     0.431     0.803     0.678     0.546      2.98      7.72      6.55
    19/109     9.86G      3.27      3.41     0.966      7.64        12       768     0.452     0.787     0.697     0.557      2.87      7.88      7.22
    20/109     9.86G      3.22      3.29     0.861      7.37        12       768     0.384     0.788     0.639     0.501       3.2      7.77      6.91
    21/109     9.86G      3.19      3.23     0.817      7.23        12       768     0.455     0.804     0.716      0.57      2.96         8      6.56
    22/109     9.86G      3.08      3.11     0.747      6.94        12       768      0.51     0.823     0.757     0.616      2.94      7.65      6.34
    23/109     9.86G      2.98      3.04     0.725      6.74        12       768     0.595     0.826     0.803     0.679      2.68      7.81      6.29
    24/109     9.86G      2.94      3.01     0.728      6.68        12       768     0.502     0.811      0.74     0.608      3.01      7.94      6.27
    25/109     9.86G      2.91      2.96     0.653      6.52        12       768     0.468     0.817     0.732     0.581      2.97      7.77      6.42
    26/109     9.86G      2.81       2.9     0.624      6.34        12       768     0.561     0.813     0.769     0.651      2.71      8.26      6.29
    27/109     9.86G      2.74      2.84      0.64      6.22        12       768     0.607     0.819     0.794     0.684      2.52      8.07      6.19
    28/109     9.86G      2.72      2.81     0.614      6.15        12       768     0.451     0.826     0.713     0.567      2.97      7.99      6.31
    29/109     9.86G      2.78      2.78     0.583      6.15        12       768     0.548     0.817     0.767     0.641      2.76      8.05      6.35
    30/109     9.86G      2.63      2.74     0.586      5.96        12       768     0.619     0.819     0.795     0.692      2.56      8.29      6.29
    31/109     9.86G      2.57      2.69      0.56      5.82        12       768     0.623     0.816     0.802     0.695      2.48       8.4      6.36
    32/109     9.86G      2.59       2.7     0.545      5.84        12       768     0.518     0.811     0.746     0.619      2.76      8.32       6.3
    33/109     9.86G      2.59      2.69     0.519       5.8        12       768     0.587     0.809     0.782     0.667      2.62      8.25      6.46
    34/109     9.86G      2.48      2.63     0.521      5.63        12       768     0.648     0.819     0.809      0.71      2.49      8.35      6.31
    35/109     9.86G      2.39      2.57     0.512      5.47        12       768     0.667     0.816      0.81     0.723      2.42      8.54      6.36
    36/109     9.86G      2.31      2.54     0.516      5.36        12       768      0.58     0.805     0.771     0.664       2.8      8.34       6.3
    37/109     9.86G      2.41      2.56     0.502      5.47        12       768     0.641     0.814     0.799     0.705      2.46      8.42      6.36
    38/109     9.86G      2.28       2.5     0.487      5.27        12       768     0.702     0.807     0.819     0.741       2.4      8.77      6.35
    39/109     9.86G      2.23      2.48     0.486      5.19        12       768      0.68     0.823     0.817     0.735      2.29      8.52      6.28
    40/109     9.86G      2.21      2.44      0.46      5.11        12       768     0.623     0.805     0.789     0.692      2.52      8.57      6.29
    41/109     9.86G      2.29      2.46     0.454      5.21        12       768     0.612     0.817     0.794      0.69      2.36       8.7      6.43
    42/109     9.86G       2.2      2.44     0.442      5.08        12       768      0.67     0.814     0.816     0.725      2.35       8.6      6.41
    43/109     9.86G      2.15       2.4     0.437      4.98        12       768     0.707     0.819     0.823     0.749      2.27      8.77      6.58
    44/109     9.86G      2.19       2.4      0.43      5.02        12       768     0.609     0.807     0.785     0.685       2.5      8.71      6.43
    45/109     9.86G      2.16      2.38     0.413      4.95        12       768     0.656     0.813      0.81     0.716      2.28       8.7      6.38
    46/109     9.86G      2.01      2.29     0.408      4.71        12       768     0.695     0.823     0.831     0.742      2.27      8.69       6.3
    47/109     9.86G      2.02      2.32     0.419      4.76        12       768     0.731     0.815      0.83     0.762      2.27       8.9      6.41
    48/109     9.86G      1.98      2.25     0.405      4.63        12       768     0.697     0.815      0.82      0.74      2.35      8.82      6.37
    49/109     9.86G      2.09      2.36     0.394      4.84        12       768      0.69     0.807     0.816     0.734      2.31       8.8      6.45
    50/109     9.86G      1.93      2.26     0.384      4.57        12       768     0.725     0.811     0.827     0.755      2.21      8.85      6.32
    51/109     9.86G      1.88      2.21     0.383      4.48        12       768     0.724     0.814     0.828     0.756      2.18      8.79      6.38
    52/109     9.86G       1.9      2.22     0.379       4.5        12       768     0.723     0.811     0.826     0.755      2.21      8.94      6.44
    53/109     9.86G      1.86      2.17     0.367       4.4        12       768     0.707     0.808     0.815     0.745      2.26      8.87      6.52
    54/109     9.86G      1.81      2.16     0.363      4.34        12       768     0.731     0.823     0.834     0.765      2.17      8.78      6.39
    55/109     9.86G      1.78      2.14     0.356      4.27        12       768     0.732     0.816     0.832     0.761      2.15      8.99      6.42
    56/109     9.86G      1.78      2.14     0.357      4.27        12       768     0.718     0.816     0.827     0.753      2.29      8.71      6.35
    57/109     9.86G      1.79      2.13     0.345      4.27        12       768     0.731     0.828     0.837     0.768      2.13      8.69       6.4
    58/109     9.86G      1.73       2.1     0.334      4.16        12       768     0.729     0.825      0.84     0.765      2.13      8.71      6.41
    59/109     9.86G      1.65      2.05     0.332      4.03        12       768     0.741     0.825     0.841     0.772      2.11      8.74      6.41
    60/109     9.86G      1.67      2.05     0.324      4.04        12       768     0.732     0.825     0.844     0.767       2.1      8.84      6.42
    61/109     9.86G      1.67      2.04     0.308      4.02        12       768     0.735     0.827     0.844     0.768      2.13      8.89      6.45
    62/109     9.86G      1.59      1.98     0.306      3.88        12       768     0.731     0.837     0.849     0.772      2.06      8.89      6.41
    63/109     9.86G      1.53      1.95      0.31      3.79        12       768     0.756     0.833     0.849     0.785      2.09      9.04       6.4
    64/109     9.86G      1.51      1.93     0.299      3.74        12       768     0.741     0.835     0.849     0.779      2.08      8.91      6.36
    65/109     9.86G      1.58      1.96     0.294      3.84        12       768     0.742     0.833     0.846     0.777      2.13      8.96      6.48
    66/109     9.86G      1.51      1.92      0.29      3.72        12       768     0.746     0.826     0.847     0.776      2.07      9.06       6.4
    67/109     9.86G      1.45      1.87     0.287      3.61        12       768      0.75     0.818     0.844     0.774      2.02      9.13      6.39
    68/109     9.86G      1.42      1.87     0.282      3.57        12       768     0.748     0.821     0.841     0.773      2.09       9.1      6.38
    69/109     9.86G      1.42      1.82     0.271      3.51        12       768     0.763     0.817     0.843      0.78      2.07      9.24      6.43
    70/109     9.86G      1.37      1.79     0.267      3.44        12       768     0.759     0.817     0.844     0.778      2.02       9.3      6.45
    71/109     9.86G      1.32      1.76      0.26      3.34        12       768     0.765     0.814     0.846     0.779      2.03      9.27      6.51
    72/109     9.86G      1.36      1.82      0.26      3.44        12       768     0.769     0.813     0.841     0.779      2.04      9.31      6.55
    73/109     9.86G      1.31      1.72     0.247      3.28        12       768     0.769     0.814     0.841      0.78         2      9.41      6.59
    74/109     9.86G      1.29      1.73     0.243      3.26        12       768     0.758      0.81     0.837     0.774      2.01      9.37      6.57
    75/109     9.86G      1.24       1.7     0.238      3.18        12       768     0.772     0.812     0.843      0.78      1.98      9.38      6.51
    76/109     9.86G      1.23      1.69     0.232      3.15        12       768     0.759     0.816     0.842     0.777      1.99      9.37      6.47
    77/109     9.86G       1.2      1.64     0.221      3.06        12       768     0.757      0.82     0.845     0.779      1.99      9.27      6.46
    78/109     9.86G      1.19      1.65     0.215      3.06        12       768      0.77     0.823     0.853     0.787      1.97      9.23      6.45
    79/109     9.86G      1.14      1.62     0.212      2.97        12       768     0.766     0.827     0.852     0.787      1.96      9.29      6.47
    80/109     9.86G      1.13      1.59     0.205      2.92        12       768     0.768     0.821     0.848     0.785      1.99       9.3       6.5
    81/109     9.86G      1.11      1.59       0.2       2.9        12       768     0.768     0.822      0.85     0.785      1.96      9.29      6.49
    82/109     9.86G      1.07      1.55     0.193      2.81        12       768     0.768      0.82     0.844     0.785      1.94      9.32      6.48
    83/109     9.86G      1.03      1.52     0.186      2.73        12       768     0.777     0.822     0.843      0.79      1.94      9.42      6.54
    84/109     9.86G      1.01      1.49     0.182      2.68        12       768     0.775      0.82     0.846     0.788      1.92      9.53      6.52
    85/109     9.86G     0.995      1.49     0.178      2.66        12       768     0.772     0.818     0.844     0.786      1.95      9.49      6.57
    86/109     9.86G     0.953      1.44     0.169      2.56        12       768     0.779     0.821     0.844     0.791      1.93      9.54      6.61
    87/109     9.86G     0.916      1.41     0.166      2.49        12       768     0.775     0.819     0.843     0.788      1.93      9.57      6.61
    88/109     9.86G     0.908      1.39      0.16      2.46        12       768     0.776     0.819     0.844     0.788      1.93      9.61      6.59
    89/109     9.86G     0.895      1.39     0.158      2.44        12       768     0.774     0.814     0.842     0.785      1.92      9.62      6.66
    90/109     9.86G     0.874      1.37     0.153       2.4        12       768     0.768     0.817     0.842     0.783      1.92      9.57      6.66
    91/109     9.86G     0.836      1.32     0.147       2.3        12       768     0.771     0.817     0.842     0.785      1.91       9.6      6.68
    92/109     9.86G     0.825      1.31     0.146      2.28        12       768     0.772     0.819     0.843     0.786      1.92      9.62      6.67
    93/109     9.86G     0.797      1.29      0.14      2.22        12       768     0.772     0.818     0.842     0.786      1.91      9.62      6.72
    94/109     9.86G     0.773      1.26     0.137      2.17        12       768     0.773     0.819     0.844     0.787      1.91      9.64       6.7
    95/109     9.86G     0.753      1.24     0.134      2.13        12       768     0.773     0.819     0.845     0.787      1.91      9.65      6.72
    96/109     9.86G     0.721      1.21     0.131      2.06        12       768     0.773     0.817     0.845     0.786      1.91      9.68      6.71
    97/109     9.86G     0.712      1.19     0.128      2.03        12       768     0.765     0.812     0.842      0.78       1.9      9.72      6.73
    98/109     9.86G     0.687      1.16     0.126      1.98        12       768     0.771     0.815     0.843     0.784       1.9      9.74      6.74
    99/109     9.86G     0.666      1.15     0.123      1.94        12       768     0.772     0.814     0.844     0.784       1.9      9.75      6.76
   100/109     9.86G     0.664      1.15     0.121      1.93        12       768     0.772     0.813     0.843     0.784       1.9      9.77      6.75
   101/109     9.86G     0.673      1.15      0.12      1.95        12       768     0.777     0.814     0.844     0.786       1.9       9.8      6.78
   102/109     9.86G     0.675      1.15     0.119      1.95        12       768     0.777     0.813     0.843     0.786       1.9      9.82      6.78
   103/109     9.86G     0.644      1.12     0.117      1.88        12       768     0.776     0.815     0.843     0.786       1.9      9.82       6.8
   104/109     9.86G     0.638      1.12     0.116      1.87        12       768     0.773     0.813     0.841     0.784       1.9      9.82      6.79
   105/109     9.86G     0.643      1.12     0.115      1.88        12       768     0.775     0.815     0.842     0.786       1.9      9.84       6.8
   106/109     9.86G     0.629       1.1     0.114      1.85        12       768     0.772     0.813     0.839     0.784       1.9      9.83      6.82
   107/109     9.86G     0.613      1.09     0.112      1.81        12       768     0.773     0.815     0.842     0.786      1.89      9.84      6.84
   108/109     9.86G     0.602      1.08     0.111      1.79        12       768     0.772     0.813     0.841     0.784      1.89      9.85      6.81
   109/109     9.86G     0.598      1.06      0.11      1.77        12       768     0.771     0.814     0.841     0.784      1.89      9.86      6.83
