     0/109     10.7G      5.78      17.8      46.2      69.8        12       768         0         0   0.00159         0      5.71      13.9      42.3
     1/109     10.8G      5.24        11      39.6      55.8        12       768    0.0159  0.000715   0.00517   0.00134      7.47      10.3      40.8
     2/109       11G      5.95      8.37      34.4      48.7        12       768    0.0457    0.0167    0.0182    0.0148      6.29      9.27      35.7
     3/109       11G      6.07      7.05      28.4      41.5        12       768     0.111    0.0761    0.0828    0.0593      5.07      8.48      28.1
     4/109       11G      6.17      6.76      22.3      35.2        12       768      0.13     0.162     0.106    0.0961      6.34      6.76      22.4
     5/109       11G       6.2      6.42      17.5      30.1        12       768     0.168     0.172     0.124     0.109      5.49      7.67      23.6
     6/109       11G      5.98      6.24      13.8        26        12       768     0.224     0.436     0.286     0.241      5.09      7.23      14.7
     7/109       11G      5.74      6.06      11.1      22.9        12       768     0.208     0.435     0.284     0.231      4.65      7.43      14.4
     8/109       11G      5.55      5.91      8.85      20.3        12       768     0.155     0.424     0.195      0.19      5.73      6.82      14.5
     9/109       11G      5.41      5.77       7.3      18.5        12       768     0.188     0.563     0.325     0.246      4.85      7.09      12.2
    10/109       11G      5.15      5.67      5.99      16.8        12       768     0.236     0.606     0.391     0.303      4.37      7.23      11.1
    11/109       11G      4.92      5.48      5.01      15.4        12       768     0.239      0.66     0.435     0.326      4.08      7.29      10.2
    12/109       11G      4.78      5.31      4.26      14.4        12       768     0.175     0.644     0.351     0.263      4.92      7.06      10.6
    13/109       11G      4.61      5.21      3.65      13.5        12       768     0.221     0.639     0.411     0.311      4.11      7.61      11.1
    14/109       11G      4.49         5      3.11      12.6        12       768     0.265     0.638     0.459     0.352      3.96      8.04        11
    15/109       11G      4.31      4.78      2.62      11.7        12       768     0.312      0.72     0.555     0.413      3.58      7.72      8.85
    16/109       11G      4.14      4.65       2.3      11.1        12       768     0.222     0.684      0.39     0.316      4.46      7.29      9.33
    17/109       11G      4.14      4.53      2.09      10.8        12       768     0.294     0.706     0.517     0.398      3.67      7.97      8.87
    18/109       11G      3.91      4.34      1.84      10.1        12       768     0.335     0.751     0.593     0.447      3.33      7.96      8.47
    19/109       11G      3.77      4.18      1.63      9.58        12       768     0.364     0.731     0.599     0.469      3.18      8.31      8.69
    20/109       11G      3.73      4.02      1.43      9.19        12       768     0.272     0.755     0.536     0.389      3.84      7.61       7.8
    21/109       11G      3.74       3.9       1.3      8.95        12       768     0.358     0.761     0.624     0.476       3.3      8.06      7.63
    22/109       11G      3.57      3.76      1.16      8.48        12       768     0.471      0.75     0.691     0.564      3.03      8.72      7.94
    23/109       11G      3.44      3.63      1.06      8.13        12       768     0.504     0.746       0.7     0.585      3.02      8.67       8.2
    24/109       11G      3.37      3.52     0.977      7.87        12       768     0.342     0.777     0.594     0.466      3.34      8.07      7.48
    25/109       11G      3.33      3.41     0.901      7.64        12       768     0.397      0.76     0.626     0.501      3.33      8.26      7.38
    26/109       11G      3.19       3.3     0.867      7.36        12       768      0.47     0.795     0.708     0.581      2.86      8.61      7.07
    27/109       11G      3.05      3.19     0.785      7.02        12       768     0.484     0.793     0.717     0.586      2.79      8.68      7.09
    28/109       11G      3.05      3.12     0.744      6.91        12       768     0.358     0.748     0.579     0.469       3.1      8.73      7.48
    29/109       11G      3.04      3.08     0.698      6.82        12       768     0.493     0.757     0.692      0.58      2.93      8.97      7.46
    30/109       11G      2.94      2.98     0.657      6.58        12       768     0.512     0.783     0.721     0.605      2.84      8.72      7.19
    31/109       11G      2.87      2.94     0.624      6.43        12       768     0.566     0.801     0.754     0.649      2.68      8.67      6.81
    32/109       11G      2.88      2.93     0.606      6.41        12       768     0.491     0.766     0.691     0.586      2.94      8.83       6.9
    33/109       11G      2.93      2.92     0.587      6.43        12       768     0.514     0.793     0.731     0.612      2.94       8.6      7.04
    34/109       11G      2.73      2.81     0.573      6.11        12       768     0.559     0.786     0.752      0.64      2.69      8.73      6.93
    35/109       11G      2.69      2.79     0.554      6.03        12       768     0.599     0.794     0.763     0.671      2.58      8.95      6.77
    36/109       11G      2.62      2.72     0.543      5.89        12       768     0.552     0.789     0.745     0.639      2.81      8.76      6.89
    37/109       11G      2.64      2.73     0.529       5.9        12       768     0.553     0.779     0.742     0.636      2.76       8.9      6.85
    38/109       11G      2.54      2.65     0.521      5.71        12       768     0.644     0.793     0.775     0.698      2.67      9.17      6.92
    39/109       11G      2.51      2.64     0.509      5.65        12       768     0.647     0.805     0.798     0.706      2.57      9.04      6.77
    40/109       11G       2.5      2.62     0.495      5.61        12       768     0.586     0.791     0.758     0.659      2.77      9.14      6.93
    41/109       11G      2.47      2.59     0.484      5.54        12       768     0.607     0.798      0.77     0.676      2.63      9.12      6.81
    42/109       11G      2.37      2.53     0.479      5.38        12       768     0.658     0.798     0.791      0.71      2.54      9.34      6.76
    43/109       11G      2.31      2.49     0.467      5.26        12       768     0.672       0.8       0.8      0.72      2.48      9.35      6.66
    44/109       11G      2.34      2.51     0.456       5.3        12       768     0.641     0.799     0.786       0.7      2.64      9.24       6.8
    45/109       11G      2.34       2.5     0.449      5.28        12       768     0.629     0.802      0.78     0.693      2.61      9.36      6.87
    46/109       11G      2.28      2.48      0.44       5.2        12       768     0.669     0.798     0.797     0.719      2.51       9.4      6.86
    47/109       11G       2.2      2.44     0.427      5.07        12       768     0.691      0.81     0.803     0.735      2.42      9.38      6.77
    48/109       11G      2.15      2.36     0.418      4.92        12       768     0.624     0.797     0.781     0.688      2.52      9.33       6.7
    49/109       11G      2.12      2.36     0.408      4.89        12       768     0.656     0.811     0.805     0.715      2.47      9.29      6.83
    50/109       11G      2.07      2.32      0.41      4.81        12       768     0.698     0.813     0.814     0.742       2.4      9.38      6.77
    51/109       11G      2.07      2.32     0.407      4.79        12       768     0.699       0.8     0.808     0.737       2.4      9.42      6.79
    52/109       11G      2.09      2.34     0.401      4.82        12       768     0.683     0.799     0.798     0.726      2.45      9.38      6.76
    53/109       11G      2.07      2.32     0.388      4.77        12       768     0.678     0.802     0.794     0.725      2.42      9.41      6.93
    54/109       11G      1.98      2.24     0.378       4.6        12       768     0.686     0.805     0.803      0.73      2.36      9.52      6.76
    55/109       11G      1.89       2.2     0.375      4.47        12       768     0.719     0.806     0.819     0.747      2.37      9.55      6.76
    56/109       11G      1.89       2.2     0.378      4.47        12       768     0.689     0.799     0.805     0.729       2.4      9.49      6.74
    57/109       11G       1.9      2.19     0.365      4.45        12       768     0.713     0.808     0.816     0.749      2.35      9.48      6.72
    58/109       11G      1.88      2.18     0.357      4.41        12       768     0.728     0.815     0.822     0.759      2.36      9.56       6.8
    59/109       11G      1.82      2.14      0.35      4.31        12       768     0.717     0.801     0.817     0.747      2.32      9.57      6.71
    60/109       11G      1.79      2.13      0.34      4.26        12       768     0.677     0.802     0.806     0.722      2.43      9.37      6.73
    61/109       11G      1.78      2.09     0.333       4.2        12       768     0.711     0.809     0.818     0.746      2.37      9.43      6.77
    62/109       11G      1.74      2.08     0.324      4.15        12       768     0.709     0.812     0.823     0.749      2.27      9.48      6.73
    63/109       11G      1.71      2.05     0.321      4.08        12       768     0.715     0.807     0.818     0.748      2.34      9.46      6.72
    64/109       11G       1.7      2.06     0.312      4.08        12       768      0.71     0.813     0.821     0.748      2.26      9.57      6.65
    65/109       11G      1.71      2.06     0.303      4.08        12       768     0.706     0.805     0.815     0.741      2.31      9.48      6.77
    66/109       11G      1.58      1.97     0.295      3.84        12       768     0.723     0.817      0.83     0.758      2.31       9.6      6.76
    67/109       11G      1.56      1.95     0.291       3.8        12       768     0.732     0.821      0.83     0.765      2.27      9.67      6.64
    68/109       11G      1.57      1.95     0.288      3.81        12       768     0.711     0.807     0.818     0.747      2.33      9.52      6.74
    69/109       11G       1.5      1.89     0.281      3.67        12       768     0.723     0.811     0.822     0.754      2.31      9.71      6.79
    70/109       11G      1.47      1.86     0.276       3.6        12       768     0.722     0.803     0.825     0.751      2.27      9.71      6.71
    71/109       11G      1.44      1.84      0.27      3.54        12       768     0.734     0.807     0.825     0.758      2.29      9.73      6.81
    72/109       11G      1.46      1.85     0.265      3.58        12       768      0.73     0.804      0.82     0.755      2.26       9.8      6.83
    73/109       11G      1.43      1.82     0.259      3.51        12       768      0.73     0.805     0.825     0.756      2.26      9.76      6.85
    74/109       11G      1.37       1.8     0.256      3.43        12       768     0.741     0.802     0.821     0.759      2.26       9.9      6.88
    75/109       11G      1.29      1.71     0.247      3.25        12       768     0.738     0.808     0.824     0.761      2.25      9.84      6.84
    76/109       11G       1.3      1.72      0.24      3.27        12       768     0.745     0.802     0.823     0.762      2.28      9.95       6.9
    77/109       11G      1.24      1.68     0.238      3.16        12       768     0.735     0.803     0.822     0.759      2.21        10      6.89
    78/109       11G      1.25      1.68     0.234      3.16        12       768     0.737     0.802     0.818      0.76      2.23        10      6.93
    79/109       11G      1.17       1.6     0.226         3        12       768     0.735     0.805     0.824     0.759      2.22      9.93       6.9
    80/109       11G      1.15       1.6     0.217      2.97        12       768     0.738     0.795     0.813     0.756      2.24      10.1      6.91
    81/109       11G      1.15       1.6     0.215      2.97        12       768     0.747     0.802     0.823     0.764      2.24        10      6.95
    82/109       11G       1.1      1.54     0.209      2.85        12       768     0.744     0.806     0.826     0.763      2.23        10      6.93
    83/109       11G      1.09      1.53     0.204      2.82        12       768     0.742       0.8     0.821      0.76      2.24      10.1      6.92
    84/109       11G      1.06      1.51     0.197      2.77        12       768      0.74     0.806     0.821     0.761      2.21      10.1      6.93
    85/109       11G      1.02      1.47     0.191      2.69        12       768     0.745     0.804     0.821     0.764       2.2      10.1      6.97
    86/109       11G     0.986      1.46     0.183      2.63        12       768     0.747     0.802     0.823     0.764      2.21      10.1      6.97
    87/109       11G     0.971      1.44     0.179      2.59        12       768     0.746     0.804     0.819     0.763      2.21      10.2      6.97
    88/109       11G     0.954      1.42     0.174      2.55        12       768     0.743     0.801     0.817     0.761       2.2      10.1      6.99
    89/109       11G     0.977      1.43     0.171      2.58        12       768     0.742     0.803     0.821     0.762      2.16      10.2      7.06
    90/109       11G      0.91       1.4     0.163      2.47        12       768     0.737     0.797     0.817     0.757      2.16      10.2      7.09
    91/109       11G     0.893      1.38     0.157      2.43        12       768     0.733     0.792     0.817     0.753      2.15      10.1      7.07
    92/109       11G     0.891      1.38     0.152      2.43        12       768     0.735     0.795     0.814     0.755      2.16      10.2      7.02
    93/109       11G     0.878      1.34     0.149      2.37        12       768     0.735     0.796     0.816     0.756      2.15      10.2         7
    94/109       11G      0.84      1.31     0.145      2.29        12       768     0.736     0.798     0.819     0.757      2.15      10.3      7.02
    95/109       11G     0.788      1.25     0.142      2.18        12       768     0.738     0.802     0.818     0.759      2.15      10.3      7.02
    96/109       11G     0.782      1.23      0.14      2.15        12       768     0.737     0.804      0.82     0.759      2.14      10.3      7.03
    97/109       11G     0.752      1.19     0.137      2.08        12       768     0.736     0.803      0.82     0.758      2.16      10.3      7.06
    98/109       11G     0.726      1.17     0.134      2.03        12       768     0.737     0.799      0.82     0.758      2.16      10.4      7.07
    99/109       11G      0.73      1.18     0.133      2.04        12       768     0.735     0.795      0.82     0.756      2.16      10.4      7.08
   100/109       11G     0.715      1.16     0.131         2        12       768     0.737     0.796      0.82     0.756      2.17      10.4      7.08
   101/109       11G     0.719      1.16     0.129         2        12       768     0.737     0.797     0.819     0.758      2.18      10.4       7.1
   102/109       11G     0.711      1.15     0.128      1.99        12       768     0.741     0.795     0.822     0.759      2.18      10.5      7.12
   103/109       11G     0.704      1.14     0.127      1.97        12       768      0.74     0.796     0.823     0.759      2.18      10.5      7.13
   104/109       11G     0.704      1.14     0.126      1.97        12       768     0.737     0.792     0.819     0.756      2.19      10.5      7.14
   105/109       11G     0.725      1.15     0.126         2        12       768     0.741     0.794     0.821     0.758      2.18      10.5      7.14
   106/109       11G     0.684      1.11     0.124      1.92        12       768     0.741     0.796      0.82     0.759      2.18      10.5      7.15
   107/109       11G     0.672      1.09     0.123      1.89        12       768     0.741     0.795     0.821     0.759      2.18      10.5      7.16
   108/109       11G     0.661      1.08     0.121      1.87        12       768     0.737     0.792      0.82     0.755      2.18      10.5      7.17
   109/109       11G     0.655      1.07      0.12      1.84        12       768      0.74     0.794     0.822     0.757      2.18      10.5      7.18
