    0.0871    0.00759     0.0387     0.0127       2.16       6.96       35.4       1.58        197       1.06        164      0.865       0.19    0.00958     0.0005      0.947   0.000545          0     0.0171      0.714      0.277          0          0          0          0
      0.11    0.00609      0.035     0.0109       2.46          7       35.4       1.67        197       1.02        163      0.893      0.178    0.00979     0.0005      0.942    0.00058          0     0.0167      0.708       0.27          0          0          0          0
    0.0964    0.00947     0.0346     0.0156       2.11       7.37       30.7       1.53        184      0.959        163       0.96      0.178       0.01     0.0005      0.967   0.000573          0     0.0167        0.9      0.209          0          0          0          0
    0.0854    0.00327     0.0337    0.00626       2.02       7.23       24.2       1.54        184      0.663        157       1.01      0.174       0.01     0.0005      0.979   0.000679          0     0.0178        0.9      0.204          0          0          0          0
     0.138    0.00666     0.0319     0.0125       2.18       7.49       31.1       1.69        184      0.953        154       1.01      0.177       0.01     0.0005      0.967   0.000562          0     0.0175        0.9      0.205          0          0          0          0
    0.0481    0.00243       0.03    0.00453       2.49       5.58       30.5       1.87        150       1.22        132      0.858      0.215       0.01     0.0005      0.967    0.00085          0     0.0117      0.571      0.317          0          0          0          0
     0.101    0.00556     0.0298    0.00971       2.55       5.59       31.1       1.86        150       1.23        132      0.863      0.218       0.01     0.0005      0.967   0.000844          0     0.0118      0.574      0.314          0          0          0          0
    0.0858     0.0054     0.0296    0.00962       2.31       6.96       33.1       1.72        185       1.04        161      0.868       0.18       0.01     0.0005      0.943   0.000593          0     0.0162      0.715      0.271          0          0          0          0
    0.0814    0.00703     0.0294    0.00954       2.63       5.32       32.7       1.88        153       1.25        132      0.874      0.211     0.0099     0.0005      0.963   0.000834          0     0.0133      0.574      0.324          0          0          0          0
     0.062    0.00474      0.029    0.00847       2.62       7.57       25.6       2.08        133       1.09        167       1.04      0.238    0.00995     0.0005      0.955   0.000731          0     0.0144      0.591      0.236          0          0          0          0
    0.0948    0.00519     0.0289     0.0095       2.11       7.23       31.1       1.52        183      0.941        163      0.934      0.174    0.00995     0.0005      0.966   0.000581          0     0.0166      0.885      0.211          0          0          0          0
    0.0573    0.00335     0.0289     0.0059       2.22       8.14       30.7       1.64        183       0.94        161       1.03      0.164       0.01     0.0005      0.964   0.000523          0     0.0164        0.9      0.214          0          0          0          0
    0.0774     0.0048     0.0288    0.00857       2.05       7.38       37.6       1.45        206       1.02        182      0.865      0.207    0.00903     0.0005      0.949   0.000628          0     0.0142      0.592      0.268          0          0          0          0
    0.0806    0.00374     0.0286    0.00699       2.32       6.74       27.1       1.84        145       1.09        173      0.861      0.249       0.01     0.0005      0.971   0.000769          0     0.0122       0.57      0.324          0          0          0          0
    0.0768    0.00842     0.0285     0.0118       2.05       8.44       32.7       1.53        193      0.963        172       1.04      0.177    0.00961     0.0005      0.967   0.000563          0     0.0173        0.9        0.2          0          0          0          0
    0.0709    0.00448     0.0285     0.0079       2.31        6.5       35.1        1.6        193       1.04        164      0.864      0.196    0.00949     0.0005      0.942   0.000601          0     0.0161      0.676      0.265          0          0          0          0
    0.0465    0.00496     0.0283    0.00853       2.38       4.81         33       1.82        155       1.37        132      0.733      0.218    0.00978     0.0005       0.98   0.000863          0     0.0133      0.469      0.324          0          0          0          0
    0.0827    0.00596     0.0281     0.0102       2.37       6.86       30.8       1.72        166       1.04        153      0.954      0.157       0.01     0.0005      0.965    0.00051          0     0.0155      0.832      0.199          0          0          0          0
    0.0793    0.00313     0.0278    0.00596       2.72       5.92         29       2.11        151       1.13        157      0.812      0.245       0.01     0.0005      0.962   0.000708          0     0.0127      0.558      0.313          0          0          0          0
    0.0639     0.0096     0.0276     0.0136       1.69       6.75       27.9       1.28        149       1.11        163      0.938      0.249       0.01     0.0005      0.963   0.000488          0     0.0159        0.9      0.202          0          0          0          0
      0.06    0.00224     0.0271    0.00427       2.52       6.61       25.8          2        133       1.06        178      0.881      0.249    0.00995     0.0005      0.944   0.000668          0     0.0138      0.568      0.324          0          0          0          0
    0.0566    0.00619     0.0268     0.0108       2.06        9.6       29.4       1.51        173      0.906        197      0.997       0.12       0.01     0.0005      0.978    0.00069          0     0.0164        0.9      0.223          0          0          0          0
    0.0846    0.00341     0.0268    0.00638       2.56       6.36       32.1        1.9        185      0.962        154       0.85      0.225       0.01     0.0005      0.941   0.000619          0     0.0159      0.678      0.261          0          0          0          0
     0.077    0.00425     0.0264     0.0079       2.38       5.97         32       1.75        151       1.27        138      0.863      0.171    0.00995     0.0005      0.954   0.000944          0     0.0143      0.609      0.276          0          0          0          0
    0.0739    0.00403     0.0264    0.00733       2.54       6.94       25.2       2.01        133       1.06        177      0.881      0.252       0.01     0.0005      0.944   0.000681          0     0.0138       0.57      0.324          0          0          0          0
    0.0544    0.00564     0.0258    0.00917       2.39       6.67       35.4       1.67        198       1.03        155      0.867      0.184     0.0099     0.0005      0.943   0.000599          0     0.0166      0.719      0.278          0          0          0          0
    0.0681    0.00349     0.0258    0.00657       2.84       6.55       25.2       2.19        123       1.22        182      0.859      0.295       0.01     0.0005      0.952   0.000649          0     0.0141      0.568      0.351          0          0          0          0
    0.0704     0.0023     0.0258    0.00443       2.17       6.27       29.9       1.73        185      0.858        173       1.01      0.334    0.00687     0.0005      0.929   0.000611          0     0.0162      0.629      0.257          0          0          0          0
    0.0627    0.00514     0.0257    0.00866       2.35       11.7       35.7       1.84        213      0.868        251       1.05      0.178    0.00657     0.0005      0.979   0.000595          0     0.0181       0.85      0.182          0          0          0          0
    0.0833    0.00304     0.0257    0.00584       3.26       5.86       28.2       2.54        157       0.95        154       0.85      0.225       0.01     0.0005      0.937   0.000584          0     0.0138      0.678       0.36          0          0          0          0
     0.059    0.00521     0.0254    0.00897       2.08       7.53       33.1        1.5        198       0.92        177      0.896      0.172    0.00972     0.0005       0.98   0.000777          0      0.021        0.9      0.166          0          0          0          0
    0.0545    0.00501     0.0254    0.00772       2.15       6.78       29.4       1.59        166       1.01        155       0.88      0.175       0.01     0.0005      0.966   0.000527          0     0.0166        0.9      0.197          0          0          0          0
    0.0682    0.00262     0.0253    0.00502       2.96       7.15       29.7       2.34        165      0.949        154       1.08      0.226       0.01     0.0005      0.932   0.000689          0     0.0136      0.475      0.396          0          0          0          0
    0.0606    0.00251     0.0253     0.0048       2.92       6.86       29.4       2.34        165       0.95        154       1.08      0.226       0.01     0.0005      0.932   0.000688          0     0.0136      0.475      0.396          0          0          0          0
    0.0678    0.00574      0.025     0.0086        2.3          6         37       1.59        205       1.04        146      0.848      0.184       0.01     0.0005      0.948   0.000561          0     0.0141      0.784      0.299          0          0          0          0
    0.0243     0.0007      0.024    0.00135       2.51        4.6       22.9       1.88        124       1.03        167      0.583      0.272       0.01     0.0005       0.97   0.000683          0     0.0107      0.576      0.303          0          0          0          0
    0.0624    0.00349     0.0236    0.00641       2.34       8.44       40.4       1.69        221       1.02        173      0.971       0.17    0.00793     0.0005      0.942   0.000636          0     0.0132      0.609      0.274          0          0          0          0
     0.102    0.00489     0.0234    0.00898       2.36       5.68       27.7       1.83        170      0.898        170      0.779      0.308       0.01     0.0005      0.945   0.000818          0     0.0127      0.502      0.357          0          0          0          0
    0.0529    0.00293     0.0234     0.0052       2.27       7.32       24.9        1.8        126        1.1        195      0.807      0.246       0.01     0.0005      0.948   0.000672          0     0.0162       0.57       0.31          0          0          0          0
    0.0622    0.00551     0.0233     0.0084       2.45       7.21       26.8       1.82        142       1.09        173      0.927      0.241       0.01     0.0005      0.971   0.000749          0     0.0126      0.536      0.324          0          0          0          0
    0.0558    0.00148     0.0233    0.00288       2.85       6.92       26.7       2.18        131       1.15        183      0.762      0.219    0.00974     0.0005      0.954   0.000684          0     0.0132      0.509      0.337          0          0          0          0
    0.0713    0.00269     0.0232    0.00515       2.68       6.11       31.3       2.01        185      0.907        149      0.858      0.217       0.01     0.0005      0.934   0.000474          0     0.0131      0.679      0.352          0          0          0          0
    0.0454    0.00134     0.0232    0.00259       2.51       7.95       25.7       2.06        161      0.811        190      0.841      0.193       0.01     0.0005      0.946   0.000612          0     0.0146      0.749      0.356          0          0          0          0
    0.0651    0.00306      0.023    0.00577       2.21       8.63       27.8       1.85        135       1.12        199       0.96      0.256    0.00916     0.0005      0.944   0.000726          0     0.0142      0.613      0.321          0          0          0          0
    0.0552     0.0021      0.023    0.00402       2.22       7.65       32.4       1.54        185      0.978        165      0.968      0.177       0.01     0.0005      0.966   0.000568          0     0.0167        0.9      0.212          0          0          0          0
    0.0285    0.00103      0.023    0.00197       2.75       7.26       27.1       2.15        144       1.04        183      0.881      0.247       0.01     0.0005      0.938   0.000648          0     0.0147      0.651      0.309          0          0          0          0
    0.0889    0.00603     0.0229     0.0106       1.96        5.2         35       1.37        158       1.32        128      0.836      0.207       0.01     0.0005      0.971   0.000803          0     0.0108      0.451      0.268          0          0          0          0
    0.0836    0.00415     0.0229    0.00726       2.07       7.34       31.6       1.45        178      0.963        166       0.96       0.18    0.00976     0.0005      0.967   0.000573          0     0.0167      0.866      0.199          0          0          0          0
    0.0568    0.00166     0.0229    0.00319       2.46       6.17       30.6       1.98        185      0.874        153      0.851      0.209    0.00975     0.0005       0.94   0.000474          0     0.0133      0.699       0.35          0          0          0          0
    0.0684      0.002     0.0226    0.00387       3.22       6.08       25.8       2.54        151      0.875        150      0.784      0.181    0.00988     0.0005      0.924   0.000667          0     0.0125      0.678      0.375          0          0          0          0
     0.026    0.00247     0.0225    0.00441          2       7.08       34.4       1.39        188       1.02        163      0.901      0.177    0.00947     0.0005      0.963   0.000619          0     0.0149        0.9      0.207          0          0          0          0
    0.0361    0.00328     0.0222    0.00536       2.23       5.34       31.3       1.66        126       1.56        129      0.829      0.217    0.00904     0.0005       0.98   0.000834          0    0.00754       0.44       0.29          0          0          0          0
    0.0496    0.00166      0.022    0.00319       2.52       7.14       28.9       1.92        147       1.09        193      0.827      0.229       0.01     0.0005      0.939   0.000636          0     0.0137      0.676      0.356          0          0          0          0
    0.0612    0.00449     0.0219    0.00789       2.24       5.28       31.2       1.65        162       1.09        132      0.817      0.212       0.01     0.0005      0.952   0.000776          0     0.0118      0.554      0.327          0          0          0          0
    0.0314    0.00187     0.0219    0.00342       2.51       5.46         31       1.84        143       1.24        132      0.905      0.211    0.00957     0.0005      0.971   0.000806          0     0.0134      0.591      0.324          0          0          0          0
    0.0623     0.0112     0.0217     0.0103       1.79       8.11         42       1.21        199       1.23        161       1.04      0.135       0.01     0.0005      0.961   0.000597          0     0.0167        0.9       0.31          0          0          0          0
    0.0258    0.00148     0.0216    0.00277       2.98       5.58       35.8       1.97        167       1.22        142      0.843      0.214       0.01     0.0005       0.97    0.00069          0     0.0117      0.611      0.315          0          0          0          0
    0.0367    0.00111     0.0216    0.00215        2.3       7.81       25.2       1.69        145      0.929        202      0.846      0.217    0.00974     0.0005      0.944   0.000681          0     0.0142      0.512      0.335          0          0          0          0
    0.0571    0.00225     0.0215    0.00414       2.63        5.8       30.3       1.86        147       1.22        144      0.878      0.228       0.01     0.0005      0.967   0.000831          0     0.0113      0.605      0.345          0          0          0          0
    0.0454    0.00316     0.0214    0.00564        2.5        6.4       26.7       1.89        140       1.06        177      0.813      0.257       0.01     0.0005      0.947   0.000733          0     0.0131      0.581      0.342          0          0          0          0
     0.063      0.003     0.0213    0.00562       2.78       5.94       31.9        1.9        185      0.962        154       0.85      0.225       0.01     0.0005      0.941   0.000619          0     0.0159      0.678      0.261          0          0          0          0
    0.0427    0.00308     0.0212    0.00461       2.57       6.97       25.8          2        133       1.08        174      0.882      0.246    0.00995     0.0005      0.947    0.00067          0     0.0139      0.568      0.319          0          0          0          0
    0.0713    0.00261     0.0211      0.005       3.54       5.95       24.9       2.85        139      0.942        144      0.865      0.204       0.01     0.0005      0.963   0.000425          0     0.0177      0.701      0.373          0          0          0          0
    0.0846    0.00353      0.021    0.00672       1.55       10.8       36.6       1.09        197       1.02        190       1.21      0.211    0.00992     0.0005      0.928   0.000551          0     0.0152        0.9       0.25          0          0          0          0
    0.0513    0.00211     0.0209    0.00399       2.61       7.08       25.6       1.94        141      0.993        184      0.839      0.246       0.01     0.0005      0.944   0.000681          0     0.0138       0.57      0.269          0          0          0          0
    0.0485    0.00155     0.0208    0.00298       2.25       5.21       26.9       1.76        133       1.11        136      0.766      0.224    0.00948     0.0005      0.921   0.000642          0     0.0113      0.594      0.357          0          0          0          0
     0.042    0.00356     0.0207    0.00587       2.75       6.72       25.2       1.99        133       1.07        174      0.854      0.248       0.01     0.0005       0.95   0.000704          0     0.0137      0.554       0.32          0          0          0          0
    0.0606    0.00362     0.0206    0.00657       2.64       7.34       39.7       1.66        203       1.03        153      0.915      0.176       0.01     0.0005      0.943   0.000582          0     0.0174      0.695      0.283          0          0          0          0
    0.0758    0.00277     0.0204     0.0053        3.4       5.91       27.2       2.54        157      0.928        151      0.843      0.225       0.01     0.0005       0.94   0.000602          0     0.0136      0.678       0.36          0          0          0          0
    0.0705    0.00618     0.0201    0.00907       2.15       4.92       36.4       1.53        229      0.857        131      0.752      0.201    0.00818     0.0005      0.925   0.000782          0      0.017      0.473      0.232          0          0          0          0
    0.0657    0.00356     0.0198     0.0066       2.01       6.88       27.3       1.53        164      0.903        146      0.966      0.174       0.01     0.0005      0.978   0.000482          0      0.017        0.9      0.201          0          0          0          0
    0.0518    0.00119     0.0198    0.00233       2.54       6.41       26.2       2.01        133       1.07        174      0.881      0.253       0.01     0.0005      0.944    0.00071          0     0.0137      0.571      0.324          0          0          0          0
    0.0621    0.00394     0.0197     0.0068       2.85       7.53       30.2       2.23        165       1.01        154       1.08      0.218       0.01     0.0005      0.933   0.000638          0     0.0133      0.453      0.392          0          0          0          0
    0.0758     0.0035     0.0197    0.00656        2.4       5.16         25       1.84        151      0.841        178      0.598      0.249       0.01     0.0005      0.944    0.00064          0     0.0135      0.552      0.283          0          0          0          0
    0.0365      0.001     0.0197    0.00194       2.52       6.34       24.2          2        126       1.08        170      0.834      0.266    0.00979     0.0005      0.943   0.000687          0     0.0134       0.57      0.314          0          0          0          0
    0.0446    0.00256     0.0196    0.00472       3.48       5.24       29.3       2.54        166      0.905        149      0.699      0.183       0.01     0.0005      0.947   0.000545          0     0.0128      0.698      0.319          0          0          0          0
     0.064    0.00166     0.0196    0.00324       2.34       6.89       32.2       1.89        168      0.998        148       1.04      0.226     0.0085     0.0005      0.908   0.000708          0      0.015      0.475      0.427          0          0          0          0
    0.0388    0.00159     0.0194    0.00303       2.59       6.62       27.6       2.01        145       1.04        165      0.881      0.256       0.01     0.0005       0.91   0.000606          0     0.0144      0.673      0.341          0          0          0          0
    0.0863    0.00282     0.0193    0.00535       2.79       7.93         32          2        163       1.07        197      0.978       0.26    0.00914     0.0005      0.933   0.000642          0     0.0139      0.505      0.402          0          0          0          0
    0.0595    0.00185     0.0193    0.00355       2.06       5.99       21.1       1.65       99.7       1.18        136          1      0.252       0.01     0.0005      0.942   0.000766          0     0.0113      0.672      0.404          0          0          0          0
    0.0454    0.00198     0.0188    0.00378       2.76       8.62       23.7       2.05        122       1.06        211      0.906      0.244       0.01     0.0005      0.944   0.000739          0      0.012      0.568      0.258          0          0          0          0
    0.0421    0.00176     0.0188    0.00336       2.95       7.21       25.8        2.3        139      0.974        172      0.881      0.252     0.0096     0.0005      0.949   0.000671          0      0.014      0.503      0.323          0          0          0          0
    0.0593    0.00347     0.0187    0.00628       2.76       6.52       26.6       2.09        139       1.02        168      0.941      0.241       0.01     0.0005      0.947    0.00067          0     0.0147      0.641      0.296          0          0          0          0
    0.0719    0.00332     0.0187    0.00623       2.94       6.39       35.2       2.01        195       0.97        148       0.98      0.231       0.01     0.0005      0.945   0.000666          0     0.0159      0.749      0.255          0          0          0          0
    0.0379    0.00227     0.0187      0.004       2.51       6.52       26.1       2.08        139      0.956        172      0.809      0.228    0.00832     0.0005      0.944   0.000681          0     0.0131      0.601      0.357          0          0          0          0
    0.0497    0.00139     0.0186    0.00268       2.96       4.97       38.6       1.88        173       1.25        115      0.901      0.206    0.00948     0.0005      0.958   0.000763          0      0.014      0.597      0.323          0          0          0          0
    0.0338    0.00356     0.0185    0.00591       2.04       8.09       37.7       1.53        195       1.12        179      0.903      0.187     0.0093     0.0005       0.98   0.000467          0     0.0191      0.844      0.191          0          0          0          0
    0.0694    0.00252     0.0185    0.00479       2.63       7.42       28.7       1.95        128       1.27        171      0.926      0.255    0.00928     0.0005      0.941   0.000686          0     0.0141      0.551      0.336          0          0          0          0
    0.0408    0.00225     0.0184    0.00391       2.19       6.25       45.7       1.48        254       1.01        158      0.742      0.149       0.01     0.0005      0.938   0.000401          0     0.0167      0.693      0.364          0          0          0          0
    0.0408    0.00208     0.0183    0.00331       2.57        5.9       31.1       1.98        185      0.875        153      0.847      0.209    0.00967     0.0005      0.939   0.000473          0     0.0134      0.697       0.35          0          0          0          0
    0.0724    0.00435     0.0182    0.00701       1.96       4.99         37       1.43        192       1.13        120      0.852      0.218       0.01     0.0005      0.942   0.000601          0     0.0161        0.6      0.255          0          0          0          0
    0.0379    0.00141     0.0182    0.00264       2.76       6.74       26.4       2.04        132       1.09        177      0.878      0.257       0.01     0.0005      0.943   0.000686          0     0.0139      0.567      0.323          0          0          0          0
    0.0303   0.000673     0.0181    0.00132       2.87       7.06       29.6       2.19        148       1.09        173      0.959       0.25    0.00784     0.0005      0.921   0.000672          0     0.0136      0.537      0.431          0          0          0          0
    0.0509    0.00257     0.0178    0.00466       2.16       7.54       31.7       1.52        182        0.9        168      0.922      0.181    0.00942     0.0005       0.97   0.000588          0     0.0176        0.9      0.215          0          0          0          0
    0.0303    0.00103     0.0178    0.00198       2.72       6.76       25.2       2.02        129       1.03        177      0.889      0.256       0.01     0.0005      0.939   0.000705          0      0.014      0.556      0.313          0          0          0          0
    0.0639    0.00389     0.0177      0.006       2.31       7.28       32.8       1.68        186       0.97        165      0.897      0.177    0.00946     0.0005       0.94   0.000583          0     0.0167      0.712      0.272          0          0          0          0
    0.0453     0.0015     0.0176    0.00287       3.75       8.11         37       2.68        188       1.08        154        1.1      0.178       0.01     0.0005      0.911   0.000814          0      0.014      0.379      0.396          0          0          0          0
    0.0474    0.00188     0.0175    0.00347       1.93       6.66       26.6        1.5        153      0.901        164      0.831      0.201    0.00949     0.0005      0.916    0.00055          0     0.0148      0.797      0.265          0          0          0          0
    0.0351    0.00245     0.0174    0.00394       3.04       7.18       30.8       2.17        176      0.956        154       1.08      0.231       0.01     0.0005      0.931   0.000727          0     0.0136      0.433      0.424          0          0          0          0
    0.0464    0.00229     0.0174     0.0043       3.48       6.01       27.4       2.73        161      0.873        143      0.844      0.194       0.01     0.0005      0.929    0.00063          0     0.0108      0.637      0.344          0          0          0          0
    0.0303   0.000945     0.0173    0.00183       3.79       5.96       28.7       2.78        170      0.874        147      0.846      0.228       0.01     0.0005      0.916    0.00071          0     0.0132      0.557      0.348          0          0          0          0
     0.053    0.00133      0.017    0.00258       3.07       5.95       25.7        2.5        147      0.875        151      0.775      0.184     0.0097     0.0005      0.924   0.000678          0     0.0125      0.655      0.377          0          0          0          0
    0.0606    0.00173     0.0167    0.00334       3.05       6.03         36       2.03        194      0.952        155      0.824      0.213       0.01     0.0005      0.939   0.000584          0     0.0169      0.741      0.256          0          0          0          0
    0.0152   0.000542     0.0167    0.00105       4.03       6.58       30.6       3.17        151       1.08        154      0.821      0.181       0.01     0.0005      0.924   0.000753          0     0.0126      0.691        0.3          0          0          0          0
    0.0471    0.00182     0.0166    0.00347        2.8       7.04       27.5       1.98        139       1.06        178      0.883      0.232       0.01     0.0005      0.948   0.000662          0      0.015       0.57      0.313          0          0          0          0
    0.0379    0.00137     0.0166    0.00261        3.3       6.06       28.6       2.63        161      0.895        144       1.06      0.244       0.01     0.0005      0.939   0.000651          0     0.0146      0.476       0.42          0          0          0          0
    0.0363    0.00178     0.0164    0.00324       2.46       7.05       39.2       1.57        190       1.13        171      0.868      0.191       0.01     0.0005      0.939   0.000549          0     0.0166      0.785      0.268          0          0          0          0
    0.0445    0.00164     0.0164    0.00313       2.54       6.87       27.2       1.99        141       1.06        177      0.806      0.232       0.01     0.0005      0.947   0.000641          0     0.0135      0.514      0.324          0          0          0          0
    0.0394    0.00138     0.0164    0.00265       2.61       6.33       26.6       2.08        135       1.06        175      0.918      0.271    0.00905     0.0005      0.935   0.000668          0     0.0156      0.559      0.292          0          0          0          0
     0.053    0.00145     0.0163    0.00281       3.28       6.15       29.2       2.43        172      0.857        164      0.805      0.215    0.00842     0.0005      0.927    0.00053          0     0.0138      0.669      0.346          0          0          0          0
    0.0682     0.0029     0.0161     0.0054       2.89       5.83       29.5       2.11        164      0.935        145      0.869      0.228       0.01     0.0005      0.948   0.000544          0     0.0165      0.644      0.269          0          0          0          0
    0.0379    0.00176     0.0161    0.00328       3.12       5.38       22.6       2.54        121      0.932        150      0.784      0.229       0.01     0.0005      0.909   0.000621          0     0.0137       0.68      0.335          0          0          0          0
    0.0758    0.00234     0.0159    0.00451       2.81       6.59       24.9       2.08        131       1.01        177      0.908      0.266    0.00982     0.0005      0.944   0.000677          0     0.0138      0.571      0.325          0          0          0          0
    0.0513    0.00152     0.0158    0.00293       2.74       6.75       26.4       1.96        130       1.08        170      0.867      0.247    0.00962     0.0005      0.944   0.000702          0     0.0135      0.581      0.324          0          0          0          0
    0.0606    0.00159     0.0157    0.00308       3.31       6.17       28.7       2.46        146       1.03        159      0.784      0.154       0.01     0.0005      0.924   0.000675          0     0.0127      0.608      0.355          0          0          0          0
    0.0525    0.00155     0.0157    0.00298       3.16       7.84       21.5       2.51        115      0.984        180        1.1      0.299       0.01     0.0005      0.944   0.000543          0     0.0156      0.568      0.361          0          0          0          0
     0.053    0.00143     0.0157    0.00278        2.9       5.22       24.6        2.2        126       1.02        172      0.651      0.215    0.00991     0.0005       0.97    0.00063          0     0.0109      0.569      0.307          0          0          0          0
    0.0303   0.000911     0.0157    0.00176       3.23       6.48       26.8       2.54        149      0.896        154      0.833      0.181    0.00998     0.0005      0.924   0.000606          0     0.0136      0.699      0.377          0          0          0          0
    0.0369     0.0036     0.0156    0.00615       3.14       5.45       36.7       2.36        158       1.41        129       1.13       0.35     0.0071     0.0005      0.927   0.000575          0     0.0134      0.669      0.381          0          0          0          0
    0.0606    0.00242     0.0155    0.00455       3.29       5.38       25.9       2.54        153       0.84        145      0.707      0.185       0.01     0.0005      0.928   0.000667          0     0.0142      0.708      0.378          0          0          0          0
    0.0379    0.00171     0.0155    0.00321       1.92       7.14       26.7        1.5        194      0.651        174      0.788      0.156    0.00899     0.0005      0.954   0.000499          0     0.0169      0.712      0.354          0          0          0          0
    0.0606    0.00162     0.0155    0.00315        2.7       7.42       24.4       2.35        142      0.852        215      0.789      0.249    0.00839     0.0005      0.964   0.000878          0      0.011      0.619      0.324          0          0          0          0
    0.0303    0.00102     0.0154    0.00196       2.97       6.72       28.9       2.11        157      0.949        178      0.822      0.235    0.00901     0.0005      0.946   0.000687          0     0.0114      0.626      0.312          0          0          0          0
    0.0379    0.00126     0.0153    0.00243       3.11       5.98       29.3       2.63        160      0.915        158      0.752      0.178     0.0091     0.0005      0.924   0.000713          0     0.0131      0.717       0.37          0          0          0          0
    0.0303   0.000909     0.0151    0.00176       3.04       4.95       25.2       2.36        111       1.25        144      0.764      0.266       0.01     0.0005      0.906   0.000681          0     0.0098      0.765      0.324          0          0          0          0
    0.0453    0.00103      0.015    0.00201       3.09       6.53       26.5       2.22        134       1.06        189      0.722      0.242    0.00987     0.0005      0.929   0.000714          0     0.0121      0.621      0.305          0          0          0          0
    0.0152   0.000421      0.015   0.000817       2.42       6.49       26.3       2.01        133       1.05        178      0.876      0.252    0.00995     0.0005      0.944   0.000684          0     0.0137      0.571      0.328          0          0          0          0
    0.0303   0.000865     0.0149    0.00168       3.03       6.59       25.6       2.35        157      0.813        145       1.02      0.213       0.01     0.0005      0.949   0.000612          0     0.0165      0.634      0.407          0          0          0          0
    0.0406    0.00142     0.0148    0.00272       2.77       7.92         27       2.03        144      0.993        187       1.04      0.249       0.01     0.0005      0.937   0.000598          0     0.0107       0.47       0.42          0          0          0          0
    0.0227   0.000892     0.0144    0.00171       3.95        5.7       31.7       3.12        168      0.956        146       0.79      0.181    0.00936     0.0005      0.929   0.000605          0     0.0124      0.697      0.375          0          0          0          0
    0.0454   0.000906     0.0143    0.00177       3.23       6.06       29.9       2.43        174      0.858        163      0.807      0.213    0.00842     0.0005      0.927   0.000526          0     0.0139      0.669      0.347          0          0          0          0
    0.0454    0.00114     0.0141     0.0022       2.64       5.65       31.1       1.93        185      0.873        143      0.806      0.217       0.01     0.0005      0.924   0.000417          0     0.0135      0.649      0.361          0          0          0          0
    0.0379    0.00151     0.0138     0.0029       3.41       6.65       30.2       2.71        164      0.919        154      0.868       0.17    0.00886     0.0005      0.917   0.000614          0      0.013      0.787       0.35          0          0          0          0
    0.0379    0.00114     0.0138    0.00219       2.81        7.9       25.7          2        133       1.04        186      0.914       0.25       0.01     0.0005      0.944   0.000674          0     0.0133      0.531      0.335          0          0          0          0
    0.0303   0.000884     0.0138    0.00171       3.25       6.04       25.4       2.52        149      0.852        150      0.794       0.19    0.00991     0.0005      0.923   0.000676          0     0.0125      0.704       0.38          0          0          0          0
    0.0427    0.00174     0.0137    0.00331       3.02       4.34         28        2.2        151      0.947        130      0.638      0.183    0.00984     0.0005      0.913    0.00089          0     0.0143       0.69      0.271          0          0          0          0
    0.0152   0.000604     0.0136    0.00115       3.51       6.54       27.2        3.1        158      0.846        154      0.955       0.23    0.00961     0.0005      0.914   0.000713          0     0.0158      0.507      0.538          0          0          0          0
    0.0606    0.00215     0.0134    0.00413       2.63       6.62       24.5       2.18        140      0.864        155      0.905      0.218    0.00954     0.0005       0.92    0.00057          0     0.0118        0.8      0.404          0          0          0          0
    0.0366    0.00139     0.0133    0.00265       3.01       7.93       27.4       2.12        131       1.11        178      0.954      0.233       0.01     0.0005      0.943   0.000667          0     0.0148      0.542      0.335          0          0          0          0
    0.0303   0.000982     0.0132     0.0019       4.14       6.61       28.2       3.23        159      0.887        151      0.897      0.181       0.01     0.0005      0.933   0.000861          0     0.0159      0.724       0.31          0          0          0          0
    0.0227   0.000847     0.0132    0.00162       3.36       5.25       24.2       2.49        140      0.866        144      0.699      0.184       0.01     0.0005      0.924   0.000738          0     0.0128      0.773      0.362          0          0          0          0
    0.0227   0.000584     0.0132    0.00114       3.31       6.11       25.3        2.6        143      0.882        150       0.79      0.181    0.00997     0.0005      0.923   0.000671          0     0.0129      0.648      0.375          0          0          0          0
    0.0382    0.00225     0.0131    0.00412       2.64       7.32       29.3       1.85        144        1.1        173      0.871      0.247       0.01     0.0005      0.971   0.000764          0     0.0123      0.571      0.324          0          0          0          0
    0.0379    0.00145     0.0129    0.00277       3.19       7.38       21.1       2.54        123      0.833        159       0.87      0.159       0.01     0.0005      0.931   0.000667          0     0.0109      0.775      0.375          0          0          0          0
    0.0227   0.000732     0.0129    0.00141       3.51       6.31       31.4       2.77        181      0.875        163      0.749      0.162    0.00988     0.0005      0.919   0.000652          0     0.0155      0.623      0.444          0          0          0          0
    0.0379   0.000908     0.0126    0.00177       3.33       5.94       26.7       2.54        151      0.875        150      0.783      0.181    0.00991     0.0005      0.924   0.000666          0     0.0125      0.678      0.375          0          0          0          0
    0.0352    0.00146     0.0125    0.00279       2.48       3.32       28.8        1.9        162      0.966        105      0.563      0.209       0.01     0.0005      0.941   0.000681          0     0.0142      0.634      0.331          0          0          0          0
    0.0152   0.000296     0.0124    0.00058       3.21       6.29       25.4       2.65        147      0.843        157      0.812      0.162       0.01     0.0005      0.921   0.000676          0     0.0122      0.687       0.36          0          0          0          0
    0.0267    0.00105     0.0122    0.00198       3.59       6.95       33.8       2.62        172       1.06        150      0.889      0.166    0.00988     0.0005       0.93   0.000683          0      0.014       0.73       0.51          0          0          0          0
    0.0254    0.00053     0.0122    0.00104       2.92       6.71       26.6       2.07        132       1.06        176      0.867      0.254    0.00989     0.0005      0.944    0.00065          0     0.0141      0.556      0.331          0          0          0          0
    0.0303    0.00137     0.0121    0.00261       2.93        6.8         27       2.01        133       1.07        178      0.879      0.249       0.01     0.0005      0.944   0.000681          0     0.0138      0.576      0.321          0          0          0          0
    0.0227   0.000508      0.012    0.00099        2.7       6.14       20.9       2.31        113      0.918        178      0.802      0.257       0.01     0.0005      0.948   0.000679          0     0.0111      0.519      0.298          0          0          0          0
    0.0303    0.00114     0.0119    0.00219       2.27       5.68         47       1.41        204       1.24        130      0.889      0.208    0.00907     0.0005      0.942   0.000528          0      0.015      0.711      0.234          0          0          0          0
    0.0379    0.00111     0.0119    0.00215       2.46       5.97       21.8       2.14        120      0.903        182      0.726       0.25    0.00741     0.0005      0.944   0.000747          0     0.0135      0.472        0.3          0          0          0          0
    0.0303   0.000981     0.0116    0.00189       3.15       6.42       27.8       2.34        193      0.727        183      0.975      0.379    0.00949     0.0005      0.948    0.00061          0     0.0139      0.445      0.439          0          0          0          0
    0.0274    0.00184     0.0115    0.00328       3.06       5.01       38.8       1.93        169       1.25        124      0.897       0.22    0.00997     0.0005      0.967    0.00085          0     0.0119      0.563      0.318          0          0          0          0
    0.0374   0.000951     0.0113    0.00185        2.2       6.73       22.2       1.84        106       1.07        170      0.885      0.226    0.00619     0.0005       0.97   0.000755          0     0.0103       0.61      0.293          0          0          0          0
    0.0454    0.00139     0.0112    0.00268       2.93       5.99       21.9       2.54        136      0.769        155      0.784      0.199    0.00961     0.0005      0.924   0.000688          0     0.0127      0.646      0.367          0          0          0          0
    0.0379   0.000849     0.0111    0.00166       3.38       6.47         25       2.33        135      0.926        165      0.747      0.134       0.01     0.0005      0.935   0.000496          0     0.0142      0.744      0.367          0          0          0          0
    0.0379   0.000693     0.0111    0.00136       2.54       6.61       25.8       1.81        129       1.02        180      0.792      0.233    0.00944     0.0005      0.945   0.000694          0     0.0138       0.59      0.283          0          0          0          0
    0.0227   0.000863     0.0108    0.00166       3.17        7.9       26.6       2.45        132       1.02        191      0.958      0.252       0.01     0.0005      0.939   0.000654          0     0.0151      0.563      0.297          0          0          0          0
    0.0568    0.00266     0.0107    0.00475       3.69        6.4       33.8       2.54        186      0.973        138      0.915      0.181    0.00931     0.0005      0.927   0.000736          0     0.0129      0.637      0.243          0          0          0          0
    0.0379   0.000906     0.0107    0.00177       3.44       5.68       26.6       2.65        150      0.896        137      0.788      0.189    0.00954     0.0005      0.923   0.000699          0      0.013      0.692      0.363          0          0          0          0
    0.0152   0.000309     0.0105   0.000605       4.15       5.65       26.5       3.24        151      0.879        155      0.678       0.17       0.01     0.0005      0.931   0.000667          0     0.0107      0.678       0.38          0          0          0          0
    0.0227   0.000597     0.0104    0.00116       3.58       6.41       30.2       2.44        171      0.858        159      0.818      0.223    0.00839     0.0005      0.927   0.000533          0     0.0139      0.662      0.352          0          0          0          0
    0.0303   0.000612     0.0103     0.0012       2.62       5.64       27.4       2.12        153      0.879        142      0.779       0.16    0.00803     0.0005      0.928   0.000745          0     0.0119      0.746      0.431          0          0          0          0
     0.053     0.0018     0.0102    0.00346       4.24       6.54       34.8       2.87        185      0.983        153       0.85      0.201       0.01     0.0005      0.949   0.000612          0     0.0136      0.635      0.392          0          0          0          0
    0.0174   0.000805     0.0101    0.00147       2.73       5.93         39       1.85        195       1.09        156      0.721      0.194    0.00972     0.0005      0.953   0.000535          0     0.0155      0.651      0.247          0          0          0          0
    0.0152   0.000419    0.00992   0.000814       3.24       4.94       21.2       2.57        138      0.716        126      0.748      0.168       0.01     0.0005      0.924   0.000611          0     0.0121      0.653      0.391          0          0          0          0
    0.0227   0.000653    0.00991    0.00126       2.85       5.76       24.9        2.4        150      0.798        149      0.776      0.174    0.00975     0.0005      0.918   0.000718          0     0.0129      0.663      0.379          0          0          0          0
    0.0303   0.000923    0.00985    0.00178       3.77       6.31       29.5       2.56        144       1.05        148      0.914      0.197       0.01     0.0005      0.931   0.000553          0     0.0146      0.579      0.375          0          0          0          0
     0.053    0.00124    0.00965    0.00242       3.16       7.69       28.8       2.04        134       1.07        178      0.881      0.252       0.01     0.0005      0.944    0.00068          0     0.0138      0.575      0.324          0          0          0          0
    0.0152   0.000272    0.00954   0.000534       2.67       5.56       19.4        2.1        107      0.902        135      0.836      0.184    0.00988     0.0005      0.954   0.000686          0     0.0138      0.678      0.461          0          0          0          0
    0.0152   0.000239    0.00954   0.000471       2.41       8.89       23.5       1.73        128       0.89        183       1.11      0.228     0.0084     0.0005      0.957   0.000681          0     0.0138      0.625      0.287          0          0          0          0
    0.0227    0.00145    0.00945    0.00261       3.05       7.16       25.6       2.16        133      0.973        167      0.905      0.241    0.00954     0.0005      0.944   0.000758          0     0.0138      0.589       0.35          0          0          0          0
   0.00758   0.000281    0.00937   0.000541       3.57       5.78       28.2        2.6        161      0.849        138      0.832      0.177    0.00893     0.0005      0.922   0.000667          0     0.0125      0.787      0.312          0          0          0          0
    0.0258     0.0013    0.00882    0.00246        2.4       10.7         44       1.44        165       1.37        169       1.19      0.176    0.00955     0.0005      0.955   0.000518          0     0.0195        0.9      0.209          0          0          0          0
    0.0227   0.000642    0.00839    0.00124       2.86       4.79       21.8       2.51        151      0.658        125      0.758      0.193       0.01     0.0005      0.926   0.000616          0     0.0125      0.678       0.33          0          0          0          0
    0.0227   0.000699    0.00823    0.00135       3.86       6.66       25.2       2.85        143      0.848        165      0.784      0.164       0.01     0.0005      0.925   0.000778          0     0.0111      0.802      0.378          0          0          0          0
    0.0379   0.000781    0.00814    0.00153       3.54       6.72       25.8       2.57        143      0.873        166      0.801      0.149       0.01     0.0005      0.923   0.000593          0     0.0149      0.759      0.308          0          0          0          0
    0.0152   0.000509    0.00688   0.000978       3.55       2.88       22.6       2.65        150      0.715       86.5      0.632      0.244       0.01     0.0005      0.929   0.000518          0     0.0108      0.777      0.317          0          0          0          0
   0.00758   0.000158    0.00687   0.000309       3.43        5.1       23.2       3.05        146      0.726        163      0.533      0.166       0.01     0.0005       0.89   0.000854          0      0.014      0.628      0.353          0          0          0          0
    0.0227   0.000459    0.00684   0.000896       3.83       3.97         26       2.75        143      0.875        132      0.578      0.173    0.00989     0.0005      0.906   0.000672          0     0.0118      0.632      0.407          0          0          0          0
   0.00758   0.000474    0.00643   0.000891       3.06       7.16       23.6       2.59        172      0.612        150      0.936      0.155     0.0077     0.0005      0.926   0.000667          0     0.0131      0.857      0.282          0          0          0          0
    0.0173   0.000532      0.006    0.00102        2.8       7.44       42.9       1.58        198       1.06        163      0.869      0.188    0.00959     0.0005      0.947   0.000543          0      0.017       0.72      0.278          0          0          0          0
   0.00758   0.000205     0.0057   0.000399       4.38       7.35       39.9       2.53        186       1.06        190       0.85      0.225       0.01     0.0005      0.966   0.000543          0       0.02      0.625      0.262          0          0          0          0
    0.0152   0.000345    0.00545   0.000672       3.17       3.41       23.2       2.72        153      0.696        123      0.411      0.161       0.01     0.0005      0.913   0.000586          0     0.0117      0.839      0.277          0          0          0          0
    0.0306   0.000742    0.00534    0.00145       2.78       8.62       38.2       1.59        173       1.03        165       0.96      0.168    0.00919     0.0005      0.967    0.00051          0     0.0165      0.857      0.203          0          0          0          0
    0.0003   0.000532   0.000808   0.000346       3.59       11.6       26.1       2.17        122      0.963        180      0.918      0.249    0.00883     0.0005      0.944   0.000613          0     0.0123      0.538      0.329          0          0          0          0
         0          0   4.18e-05          0       2.81       17.9       37.9       1.38        147       1.06        173      0.917      0.199    0.00703     0.0005       0.95   0.000948          0     0.0138      0.583      0.273          0          0          0          0
