     0/109     7.09G      4.18      12.9      35.1      52.2        12       768  0.000693  0.000168   0.00285  0.000271      3.64      9.84      32.8
     1/109     7.11G      3.38      7.75      30.8      41.9        12       768     0.026   0.00185    0.0062    0.0033      4.58      8.29      30.4
     2/109     7.11G      3.76      6.14      26.8      36.7        12       768      0.13    0.0269    0.0539    0.0278      3.83      5.92      25.4
     3/109     7.11G      3.63      5.44      21.7      30.8        12       768     0.158     0.107     0.116     0.096      3.11      6.26      21.1
     4/109     7.11G      3.67      5.21      16.8      25.7        12       768     0.181     0.076    0.0727    0.0667      4.63       6.2      23.6
     5/109     7.11G      3.92      4.96      13.2        22        12       768     0.186     0.286      0.18     0.161      3.73      5.85      15.2
     6/109     7.11G      3.85      4.73       9.9      18.5        12       768     0.255     0.428     0.289     0.256       3.3      5.67      11.4
     7/109     7.11G      3.82      4.48      7.54      15.8        12       768     0.279     0.584     0.418     0.342      3.13      5.67      9.79
     8/109     7.11G      3.69       4.3      5.79      13.8        12       768     0.216     0.521     0.302     0.279      3.74      5.44      8.99
     9/109     7.11G      3.76      4.12      4.53      12.4        12       768     0.284     0.585     0.415     0.352       3.2      5.97      8.22
    10/109     7.11G      3.53      4.01      3.71      11.2        12       768     0.341     0.613     0.486     0.403      2.84      6.01      8.57
    11/109     7.11G      3.38      3.87      2.97      10.2        12       768      0.39     0.626     0.521     0.456      2.76      6.17      7.29
    12/109     7.11G      3.27      3.71      2.44      9.43        12       768     0.294     0.659     0.442     0.382      3.29      5.64      6.73
    13/109     7.11G      3.22      3.57      2.01       8.8        12       768     0.321     0.741     0.563     0.432      3.01      5.74      6.09
    14/109     7.11G      3.04      3.43      1.71      8.18        12       768     0.396     0.733     0.609     0.492      2.57      5.95         6
    15/109     7.11G      2.89      3.28      1.41      7.57        12       768     0.392     0.747     0.626     0.498      2.51      6.05      5.93
    16/109     7.11G      2.82      3.16      1.19      7.17        12       768     0.317     0.729     0.542     0.427      2.91      5.85      5.58
    17/109     7.11G      2.83      3.06      1.08      6.97        12       768     0.411     0.754     0.657     0.517      2.46      6.06      5.54
    18/109     7.11G      2.67      2.92     0.962      6.55        12       768     0.471     0.777     0.706     0.572      2.24      6.22      5.48
    19/109     7.11G      2.58      2.85     0.856      6.29        12       768     0.507     0.762     0.713     0.594      2.22      6.43       5.7
    20/109     7.11G       2.5      2.77     0.787      6.05        12       768     0.392     0.783     0.608     0.508      2.54      6.19      5.44
    21/109     7.11G      2.58      2.72     0.707      6.01        12       768     0.437     0.757     0.667     0.542      2.53      6.35      5.33
    22/109     7.11G      2.43      2.62     0.707      5.76        12       768     0.572     0.758     0.737      0.64       2.1      6.59      5.53
    23/109     7.11G      2.31      2.56     0.638       5.5        12       768     0.539      0.79     0.746     0.627      2.07      6.24       5.2
    24/109     7.11G      2.34      2.54     0.598      5.47        12       768     0.416     0.774     0.658     0.531      2.42      6.25      5.24
    25/109     7.34G      2.37      2.51     0.566      5.45        12       768     0.487     0.764     0.693     0.584      2.29      6.29      5.22
    26/109     7.34G      2.24      2.45     0.569      5.26        12       768     0.593     0.801     0.777     0.669      2.06      6.32      5.12
    27/109     7.34G      2.12      2.38     0.535      5.03        12       768     0.603     0.795     0.783     0.675      1.98      6.37      5.24
    28/109     7.34G      2.18       2.4     0.531      5.11        12       768     0.549     0.776     0.732     0.633      2.23      6.48      5.32
    29/109     7.34G       2.2      2.35     0.499      5.05        12       768     0.566     0.783      0.75     0.646      2.08      6.56      5.08
    30/109     7.34G      2.06      2.31     0.475      4.84        12       768     0.658     0.798     0.804     0.709       1.9      6.84      5.13
    31/109     7.34G      1.99      2.28     0.461      4.73        12       768      0.63     0.788     0.783     0.687      1.89       6.5      5.11
    32/109     7.34G      2.05      2.29     0.456       4.8        12       768     0.479     0.768     0.686     0.577      2.37      6.46      5.25
    33/109     7.34G      2.05      2.26     0.448      4.76        12       768      0.61     0.792     0.768     0.677      2.01      6.61      5.19
    34/109     7.34G      1.93      2.22      0.44      4.58        12       768      0.66     0.777     0.796     0.705      1.93      6.72      5.29
    35/109     7.34G      1.91      2.18      0.44      4.53        12       768      0.69     0.796     0.805     0.731      1.83      6.68      5.22
    36/109     7.34G      1.89      2.17     0.419      4.47        12       768      0.66     0.784     0.786     0.707      1.91      6.71      5.22
    37/109     7.34G      1.79       2.1     0.407       4.3        12       768     0.631      0.78     0.772     0.689      1.93      6.77      5.07
    38/109     7.34G       1.8      2.09     0.411       4.3        12       768     0.675     0.795     0.802     0.722      1.83      6.86      5.16
    39/109     7.34G      1.78      2.07     0.403      4.25        12       768     0.707     0.789     0.808     0.737      1.78      6.81      5.17
    40/109     7.34G      1.77      2.08     0.387      4.23        12       768     0.589      0.79     0.764     0.665         2      6.87       5.1
    41/109     7.34G      1.82      2.09     0.377       4.3        12       768     0.656     0.801       0.8     0.714      1.92      6.74      5.09
    42/109     7.34G      1.69      2.01      0.37      4.07        12       768       0.7     0.803     0.816     0.741      1.81       6.8      5.16
    43/109     7.34G      1.68         2     0.358      4.04        12       768     0.671     0.784     0.797     0.714      1.75      6.88      5.16
    44/109     7.34G       1.6      1.95     0.354       3.9        12       768     0.651      0.79     0.791     0.705       1.8      6.74      5.12
    45/109     7.34G      1.68      1.96     0.343      3.98        12       768     0.648     0.795     0.784     0.705       1.8      7.06      5.14
    46/109     7.34G      1.61      1.96     0.345      3.91        12       768     0.705     0.786     0.801     0.735      1.75      6.96      5.13
    47/109     7.34G      1.55      1.92      0.34      3.81        12       768     0.712     0.796     0.816     0.743      1.72      6.87      5.13
    48/109     7.34G      1.58      1.93     0.335      3.84        12       768     0.681     0.802     0.809     0.728      1.85      6.91      5.18
    49/109     7.34G      1.54      1.91     0.323      3.77        12       768     0.714     0.788     0.813      0.74      1.75      7.01      5.16
    50/109     7.34G      1.45      1.84     0.322      3.61        12       768     0.727     0.797     0.818     0.751      1.73      7.01      5.16
    51/109     7.34G      1.46      1.84     0.315      3.62        12       768     0.729     0.797     0.819     0.754      1.69      6.98      5.24
    52/109     7.34G      1.49      1.86     0.306      3.65        12       768     0.702     0.798     0.814     0.737       1.8      7.01      5.17
    53/109     7.34G       1.5      1.86     0.298      3.66        12       768     0.705     0.793     0.806      0.74      1.72      6.93      5.18
    54/109     7.34G      1.45      1.81     0.297      3.56        12       768     0.734     0.804     0.824     0.761       1.7       7.1      5.18
    55/109     7.34G      1.39      1.78     0.298      3.47        12       768     0.733     0.785     0.814     0.752      1.68      7.02      5.07
    56/109     7.34G      1.36      1.77     0.292      3.42        12       768     0.723     0.797     0.818     0.751       1.7      7.05      5.14
    57/109     7.34G      1.43      1.79     0.285      3.51        12       768     0.717     0.786     0.815     0.742      1.68      7.02      5.24
    58/109     7.34G      1.32      1.74     0.276      3.33        12       768     0.733     0.787      0.82     0.751      1.68      7.06      5.14
    59/109     7.34G       1.3      1.71     0.276      3.28        12       768     0.732     0.793      0.82     0.753      1.64      7.08       5.2
    60/109     7.34G       1.3      1.72     0.268      3.29        12       768     0.736     0.804     0.824     0.761       1.7      7.16      5.16
    61/109     7.34G      1.29       1.7     0.262      3.26        12       768     0.727     0.794     0.818     0.752      1.66      7.23      5.21
    62/109     7.34G       1.2      1.64     0.255      3.09        12       768     0.741     0.805     0.828     0.764      1.61      7.17      5.16
    63/109     7.34G      1.19      1.62     0.251      3.06        12       768     0.736       0.8     0.822     0.759      1.59      7.16      5.27
    64/109     7.34G      1.21      1.63     0.251      3.09        12       768     0.728     0.792     0.819     0.752      1.66      7.31      5.17
    65/109     7.34G       1.2      1.61      0.24      3.04        12       768     0.726     0.797      0.82     0.753       1.6      7.15      5.21
    66/109     7.34G      1.18       1.6     0.239      3.01        12       768     0.738     0.798      0.82      0.76      1.61      7.18      5.13
    67/109     7.34G      1.13      1.56     0.233      2.93        12       768     0.747      0.81     0.826      0.77      1.57      7.31      5.12
    68/109     7.34G      1.13      1.57      0.23      2.93        12       768     0.746     0.805     0.828     0.767      1.58      7.35      5.15
    69/109     7.34G      1.12      1.55      0.22      2.88        12       768     0.741       0.8     0.821     0.763       1.6      7.26      5.18
    70/109     7.34G      1.09      1.52     0.215      2.82        12       768     0.731     0.787     0.816     0.752      1.59      7.24      5.22
    71/109     7.34G      1.03      1.48     0.212      2.72        12       768     0.748     0.801     0.824     0.766      1.56       7.4      5.18
    72/109     7.34G      1.06       1.5     0.203      2.76        12       768     0.746     0.785     0.817     0.758      1.61      7.38      5.16
    73/109     7.34G      1.03      1.48       0.2      2.71        12       768     0.741     0.795     0.822      0.76      1.57       7.3      5.25
    74/109     7.34G     0.984      1.43     0.194      2.61        12       768     0.748     0.803     0.826     0.768      1.56      7.42      5.18
    75/109     7.34G     0.964      1.42     0.193      2.57        12       768     0.747      0.79     0.822     0.761      1.57       7.4       5.2
    76/109     7.34G     0.957       1.4     0.188      2.54        12       768     0.746     0.791     0.822     0.761      1.57      7.47      5.25
    77/109     7.34G     0.949      1.41     0.183      2.54        12       768     0.756     0.797     0.826     0.768      1.55       7.5      5.22
    78/109     7.34G     0.906      1.36     0.176      2.45        12       768     0.747     0.796     0.822     0.764      1.56      7.42      5.28
    79/109     7.34G     0.888      1.34     0.175       2.4        12       768     0.748     0.796     0.821     0.764      1.54      7.46      5.29
    80/109     7.34G     0.858      1.34     0.171      2.37        12       768     0.762     0.801     0.826     0.774      1.53      7.54      5.25
    81/109     7.34G     0.852      1.31     0.164      2.32        12       768     0.758      0.79     0.824     0.766      1.54      7.59      5.31
    82/109     7.34G     0.827      1.28      0.16      2.27        12       768     0.756     0.785     0.825     0.762      1.55      7.61      5.36
    83/109     7.34G     0.799      1.27     0.156      2.23        12       768     0.747     0.775     0.823     0.753      1.55      7.64      5.38
    84/109     7.34G     0.783      1.24     0.151      2.17        12       768     0.757     0.788     0.829     0.766      1.55      7.63      5.42
    85/109     7.34G     0.759      1.23     0.146      2.13        12       768     0.754     0.777      0.82     0.758      1.53      7.69      5.47
    86/109     7.34G     0.735      1.19     0.141      2.07        12       768     0.763     0.787      0.83     0.767      1.53      7.68      5.47
    87/109     7.34G     0.723      1.18     0.138      2.04        12       768     0.761     0.789     0.826     0.767      1.52      7.64      5.46
    88/109     7.34G     0.709      1.16     0.135      2.01        12       768     0.764     0.787     0.828     0.768      1.52      7.67      5.49
    89/109     7.34G       0.7      1.15     0.132      1.98        12       768     0.766      0.79     0.829     0.771      1.51      7.67      5.48
    90/109     7.34G     0.671      1.12     0.128      1.92        12       768     0.767     0.795      0.83     0.773      1.51      7.71      5.43
    91/109     7.34G     0.647       1.1     0.125      1.87        12       768      0.76     0.796     0.831      0.77      1.51      7.69      5.43
    92/109     7.34G      0.63      1.09     0.122      1.84        12       768     0.763     0.794      0.83     0.771      1.51       7.7      5.42
    93/109     7.34G     0.623      1.07     0.118      1.81        12       768     0.761     0.797      0.83     0.772      1.51      7.74      5.41
    94/109     7.34G     0.606      1.05     0.116      1.77        12       768     0.754     0.794     0.829     0.767      1.51      7.73      5.43
    95/109     7.34G     0.588      1.04     0.113      1.74        12       768     0.759     0.795     0.829      0.77      1.52      7.75      5.43
    96/109     7.34G     0.584      1.04     0.111      1.73        12       768     0.762     0.795     0.831     0.771      1.52      7.76      5.44
    97/109     7.34G     0.582      1.05      0.11      1.74        12       768     0.764     0.796     0.831     0.773      1.52      7.77      5.47
    98/109     7.34G     0.568      1.04     0.107      1.71        12       768     0.767     0.797     0.833     0.775      1.51      7.78       5.5
    99/109     7.34G     0.547      1.02     0.105      1.67        12       768     0.766     0.797     0.833     0.775      1.52      7.81      5.53
   100/109     7.34G     0.546         1     0.104      1.65        12       768     0.765     0.795     0.832     0.773      1.51      7.81      5.53
   101/109     7.34G     0.542      0.99     0.103      1.64        12       768     0.763     0.794     0.831     0.771      1.51      7.81      5.55
   102/109     7.34G     0.523     0.972     0.101       1.6        12       768      0.76     0.793     0.831     0.769      1.51      7.83      5.55
   103/109     7.34G      0.52     0.965    0.0997      1.58        12       768     0.766     0.794     0.832     0.773      1.51      7.83      5.55
   104/109     7.34G     0.516     0.958    0.0986      1.57        12       768     0.769     0.795     0.832     0.775      1.51      7.82      5.53
   105/109     7.34G     0.502     0.932    0.0971      1.53        12       768     0.769     0.798     0.832     0.776       1.5      7.83      5.54
   106/109     7.34G     0.497     0.924    0.0966      1.52        12       768     0.765     0.796     0.833     0.773       1.5      7.84      5.54
   107/109     7.34G     0.485      0.91    0.0959      1.49        12       768     0.766     0.796     0.833     0.774       1.5      7.85      5.55
   108/109     7.34G     0.477     0.894    0.0947      1.47        12       768     0.766     0.797     0.832     0.774       1.5      7.85      5.54
   109/109     7.34G     0.478     0.891    0.0938      1.46        12       768     0.774     0.803     0.836     0.781       1.5      7.87      5.55
