     0/109     9.72G      5.45      16.5      45.9      67.8        12       768   0.00758  0.000242   0.00422  0.000468      5.21      12.3      42.2
     1/109     9.74G      4.98      9.87      38.6      53.5        12       768    0.0517    0.0029     0.023   0.00537      6.41      11.1      38.5
     2/109     9.96G      5.64      7.69      31.7        45        12       768     0.103    0.0263    0.0465    0.0279      5.79      7.79      34.3
     3/109     9.96G      5.51       6.7      24.6      36.8        12       768     0.178     0.221     0.175     0.133      4.53      7.64      22.5
     4/109     9.96G      5.42      6.38      17.7      29.5        12       768     0.104     0.211     0.107     0.108      5.85      6.61      21.6
     5/109     9.96G      5.46         6      12.7      24.2        12       768     0.202     0.415      0.25      0.23      4.95         7      15.1
     6/109     9.96G      5.22      5.82      9.17      20.2        12       768     0.261     0.539     0.352     0.308      4.52      7.25      11.5
     7/109     9.96G      4.95       5.6      6.79      17.3        12       768     0.275     0.571     0.397     0.314      4.03      7.49      13.7
     8/109     9.96G      4.78      5.35      5.28      15.4        12       768     0.202     0.567     0.323      0.27      4.72      7.03      11.7
     9/109     9.96G      4.74      5.16      4.13        14        12       768     0.254     0.634      0.41      0.33      4.09      7.39      10.7
    10/109     9.96G      4.45      5.01      3.63      13.1        12       768     0.285     0.726     0.511     0.389      3.78      7.24      8.75
    11/109     9.96G      4.21      4.79      2.84      11.8        12       768     0.347     0.709     0.554     0.441      3.49      7.56      9.04
    12/109     9.96G      4.04      4.55      2.37        11        12       768     0.262     0.753     0.486     0.368      3.92      7.27      7.63
    13/109     9.96G      3.96      4.33      1.97      10.3        12       768     0.304     0.745     0.542     0.414      3.58      7.61       8.1
    14/109     9.96G      3.82      4.15      1.75      9.72        12       768     0.415     0.757     0.659     0.518      3.21       7.8      7.35
    15/109     9.96G       3.6      3.97      1.43         9        12       768     0.428     0.786     0.683      0.54      3.12      7.73      7.51
    16/109     9.96G      3.54      3.75      1.27      8.57        12       768     0.325     0.782     0.573     0.442      3.74      7.33      7.04
    17/109     9.96G      3.49      3.62      1.08      8.19        12       768     0.363     0.788     0.633     0.482      3.31      7.74      6.51
    18/109     9.96G      3.42      3.45     0.992      7.86        12       768     0.521     0.789     0.741     0.613      2.91      8.21       6.5
    19/109     9.96G      3.22      3.33     0.976      7.52        12       768     0.526     0.809     0.756     0.624      2.76      8.11      7.17
    20/109     9.96G      3.17      3.26     0.892      7.32        12       768     0.399     0.791     0.665     0.518      3.26      7.77      6.29
    21/109     9.96G      3.23      3.19     0.777       7.2        12       768     0.489     0.795     0.727     0.592      3.15      7.84      6.22
    22/109     9.96G      3.01      3.06      0.76      6.82        12       768     0.529     0.806     0.754     0.622      2.72      8.05      6.31
    23/109     9.96G      2.87      2.98     0.727      6.58        12       768     0.585     0.804     0.771     0.663      2.64       8.2      6.25
    24/109     9.96G       2.8      2.93     0.714      6.45        12       768     0.475     0.796     0.696     0.581      3.16      7.88      6.29
    25/109     9.96G      2.94      2.92     0.644       6.5        12       768     0.484     0.799     0.716     0.592      2.92      7.91      6.23
    26/109     9.96G      2.81      2.87      0.64      6.32        12       768     0.579     0.805      0.78     0.664      2.56      8.37      6.22
    27/109     9.96G      2.66       2.8     0.629      6.08        12       768     0.617     0.806     0.799     0.687      2.47      8.29      6.12
    28/109     9.96G      2.68      2.77     0.616      6.07        12       768     0.494     0.797     0.719       0.6      2.95      8.18      6.06
    29/109     9.96G      2.64      2.74     0.585      5.96        12       768      0.59     0.808     0.778     0.671      2.61      8.29      6.17
    30/109     9.96G      2.64      2.73      0.59      5.96        12       768     0.661     0.805      0.81     0.717       2.5      8.24      6.23
    31/109     9.96G      2.47      2.67     0.555       5.7        12       768     0.637       0.8     0.798     0.698      2.43      8.44       6.3
    32/109     9.96G      2.56      2.66     0.556      5.77        12       768     0.521     0.794     0.728     0.622      2.86      8.13      6.12
    33/109     9.96G      2.58      2.66     0.522      5.76        12       768     0.615     0.818     0.798     0.691      2.54      8.56      6.18
    34/109     9.96G      2.45       2.6     0.536      5.59        12       768     0.642     0.807     0.802     0.705      2.49      8.49      6.28
    35/109     9.96G      2.37      2.55      0.52      5.45        12       768     0.712     0.813     0.831      0.75      2.36      8.74      6.18
    36/109     9.96G      2.38      2.57     0.509      5.46        12       768     0.596     0.805     0.775     0.676      2.82      8.55      6.31
    37/109     9.96G       2.4      2.55     0.491      5.44        12       768     0.637     0.804     0.803     0.703      2.49      8.44      6.37
    38/109     9.96G      2.26      2.47     0.485      5.22        12       768     0.649     0.817     0.815     0.715      2.34      8.56      6.43
    39/109     9.96G      2.23      2.45      0.48      5.16        12       768     0.693     0.811     0.826     0.739       2.3      8.71      6.21
    40/109     9.96G      2.23      2.45     0.478      5.16        12       768     0.582     0.813     0.788     0.664       2.5      8.42      6.18
    41/109     9.96G      2.24      2.45     0.451      5.13        12       768     0.647     0.808     0.803     0.708      2.47      8.44       6.4
    42/109     9.96G      2.12      2.38      0.47      4.97        12       768     0.726      0.81     0.839     0.759      2.26      8.66      6.38
    43/109     9.96G       2.1      2.37     0.452      4.92        12       768     0.725     0.813     0.838     0.758      2.31      8.92      6.34
    44/109     9.96G      2.07      2.35      0.44      4.86        12       768     0.653      0.81     0.812     0.714      2.49      8.52       6.4
    45/109     9.96G      2.15      2.35     0.428      4.93        12       768     0.669     0.811      0.82     0.726      2.36      8.64      6.36
    46/109     9.96G      2.04      2.33     0.428      4.79        12       768     0.726     0.804     0.835     0.756      2.24      8.91      6.26
    47/109     9.96G      1.97      2.28     0.422      4.67        12       768     0.746     0.819     0.846     0.774      2.17      8.97      6.22
    48/109     9.96G         2      2.31     0.411      4.73        12       768     0.702     0.801     0.828      0.74       2.3      8.69      6.24
    49/109     9.96G      1.89      2.22     0.396       4.5        12       768     0.734     0.811     0.836     0.762      2.26      8.75      6.36
    50/109     9.96G      1.92      2.23     0.393      4.55        12       768     0.737     0.806     0.834     0.762       2.2      8.84      6.31
    51/109     9.96G       1.8      2.17     0.386      4.36        12       768     0.764     0.815     0.846     0.781      2.13      8.91       6.2
    52/109     9.96G      1.85       2.2     0.376      4.42        12       768     0.728     0.815     0.834     0.762      2.24      9.02      6.31
    53/109     9.96G      1.91      2.19     0.376      4.48        12       768     0.712     0.797     0.826     0.743      2.27       8.8      6.36
    54/109     9.96G       1.8      2.16     0.361      4.32        12       768     0.748     0.808     0.834      0.77      2.12      8.96       6.3
    55/109     9.96G      1.73       2.1     0.353      4.18        12       768     0.757     0.816     0.844     0.776      2.11      9.05      6.23
    56/109     9.96G      1.77      2.11     0.354      4.24        12       768     0.707     0.811     0.826     0.746      2.21      8.82      6.32
    57/109     9.96G      1.73       2.1     0.345      4.18        12       768     0.727     0.811     0.836      0.76      2.14      8.79       6.3
    58/109     9.96G      1.64      2.04      0.34      4.02        12       768     0.755     0.808     0.841     0.773      2.08      8.86      6.28
    59/109     9.96G      1.64      2.02     0.336         4        12       768     0.752     0.807      0.84     0.772      2.08      8.93      6.31
    60/109     9.96G      1.66      2.03     0.336      4.02        12       768     0.746     0.809      0.84     0.767      2.09      8.93      6.31
    61/109     9.96G      1.68      2.05     0.312      4.04        12       768     0.737     0.808     0.839     0.764      2.13      8.94      6.36
    62/109     9.96G      1.56      1.97      0.31      3.84        12       768     0.751     0.819     0.846     0.776      2.04      8.97      6.32
    63/109     9.96G      1.52      1.95     0.309      3.78        12       768     0.751     0.824     0.851     0.779      2.02      8.97      6.34
    64/109     9.96G      1.54      1.95     0.302       3.8        12       768     0.746     0.814     0.844     0.771       2.1      9.12      6.31
    65/109     9.96G      1.53      1.92     0.296      3.75        12       768     0.746     0.819     0.847     0.773      2.06       8.9      6.41
    66/109     9.96G      1.48       1.9      0.29      3.67        12       768     0.752     0.816     0.849     0.775         2      9.11      6.33
    67/109     9.96G      1.44      1.87     0.285      3.59        12       768     0.748     0.824     0.847     0.778      1.99      9.04      6.27
    68/109     9.96G      1.43      1.85      0.28      3.56        12       768     0.751     0.821     0.848     0.777      2.02      9.13      6.36
    69/109     9.96G      1.44      1.88     0.272      3.59        12       768     0.758     0.825     0.852     0.782      1.98      9.17      6.33
    70/109     9.96G      1.39      1.83     0.265      3.49        12       768     0.761     0.816     0.846      0.78      2.02      9.12      6.31
    71/109     9.96G      1.33      1.78      0.26      3.37        12       768     0.776     0.817     0.852     0.789      1.97      9.29      6.33
    72/109     9.96G      1.31      1.76     0.253      3.33        12       768     0.759     0.809     0.849     0.776      1.95      9.34      6.32
    73/109     9.96G      1.33      1.75     0.244      3.32        12       768     0.766     0.809     0.842      0.78      2.01      9.26      6.36
    74/109     9.96G      1.24      1.71     0.238      3.19        12       768     0.771     0.813     0.846     0.784      1.95      9.28      6.41
    75/109     9.96G      1.21      1.68     0.232      3.12        12       768     0.774     0.806     0.842     0.782      1.97       9.4      6.53
    76/109     9.96G       1.2      1.65     0.227      3.08        12       768     0.775     0.807     0.844     0.784      1.98      9.41      6.54
    77/109     9.96G       1.2      1.66     0.222      3.08        12       768     0.788     0.818     0.852     0.795      1.92      9.43       6.4
    78/109     9.96G      1.16      1.64     0.213      3.01        12       768     0.765     0.804     0.841     0.777      1.94      9.36      6.39
    79/109     9.96G      1.12       1.6     0.207      2.93        12       768     0.782     0.809     0.845     0.788      1.94      9.42      6.37
    80/109     9.96G      1.11      1.58     0.203      2.89        12       768     0.785     0.818     0.849     0.793      1.91      9.47      6.36
    81/109     9.96G      1.15      1.64     0.195      2.98        12       768     0.783     0.815     0.848     0.791      1.95      9.41      6.47
    82/109     9.96G      1.04      1.52     0.187      2.75        12       768      0.78     0.811     0.846     0.787      1.91      9.43      6.43
    83/109     9.96G      1.05      1.54     0.185      2.77        12       768     0.777     0.806     0.845     0.784      1.91      9.42      6.41
    84/109     9.96G      1.02       1.5     0.181       2.7        12       768     0.781     0.809     0.843     0.787      1.92      9.45      6.49
    85/109     9.96G     0.993      1.48     0.177      2.65        12       768     0.777     0.809     0.846     0.785      1.89      9.45      6.54
    86/109     9.96G     0.956      1.44      0.17      2.57        12       768     0.779     0.809     0.847     0.786      1.88      9.48      6.51
    87/109     9.96G     0.911       1.4     0.164      2.47        12       768     0.774     0.804     0.849     0.781      1.89      9.49      6.48
    88/109     9.96G     0.881      1.36     0.161       2.4        12       768     0.775     0.805     0.849     0.782       1.9       9.5      6.51
    89/109     9.96G     0.882      1.36     0.159       2.4        12       768     0.776     0.806     0.847     0.783      1.88      9.54      6.49
    90/109     9.96G     0.845      1.32     0.155      2.32        12       768     0.778     0.809     0.849     0.786      1.89      9.52       6.5
    91/109     9.96G     0.792      1.28      0.15      2.22        12       768     0.777     0.811      0.85     0.786       1.9      9.57      6.53
    92/109     9.96G     0.794      1.28     0.146      2.22        12       768     0.773     0.808      0.85     0.783      1.89      9.57      6.49
    93/109     9.96G     0.822       1.3     0.145      2.26        12       768     0.776     0.814     0.851     0.787      1.89      9.56      6.51
    94/109     9.96G     0.718      1.19     0.139      2.05        12       768     0.773     0.811     0.851     0.784      1.89      9.61      6.54
    95/109     9.96G     0.716      1.19     0.134      2.04        12       768     0.776     0.812     0.851     0.786       1.9      9.65      6.54
    96/109     9.96G     0.701      1.18     0.132      2.01        12       768     0.774     0.812     0.851     0.785      1.89      9.66      6.56
    97/109     9.96G     0.698      1.18     0.129         2        12       768     0.781     0.815     0.852      0.79      1.89      9.69      6.59
    98/109     9.96G     0.667      1.16     0.126      1.95        12       768     0.776     0.812      0.85     0.786      1.89      9.72      6.61
    99/109     9.96G     0.666      1.16     0.124      1.95        12       768     0.773     0.812      0.85     0.785      1.88      9.75      6.62
   100/109     9.96G     0.648      1.15     0.121      1.91        12       768     0.774      0.81      0.85     0.785      1.88      9.74      6.62
   101/109     9.96G     0.653      1.14      0.12      1.91        12       768     0.777     0.809      0.85     0.786      1.88      9.78      6.65
   102/109     9.96G     0.638      1.12     0.118      1.87        12       768     0.775     0.809     0.848     0.785      1.88      9.79      6.65
   103/109     9.96G     0.626      1.11     0.117      1.85        12       768     0.776     0.809     0.848     0.785      1.88      9.81      6.67
   104/109     9.96G     0.631      1.11     0.115      1.86        12       768     0.778     0.809     0.848     0.786      1.88      9.82      6.66
   105/109     9.96G     0.633      1.12     0.114      1.86        12       768     0.778     0.809     0.848     0.786      1.87      9.83      6.68
   106/109     9.96G     0.612      1.09     0.113      1.82        12       768     0.775     0.809     0.848     0.785      1.87      9.84      6.69
   107/109     9.96G     0.594      1.07     0.111      1.77        12       768     0.776      0.81     0.848     0.786      1.88      9.87      6.69
   108/109     9.96G     0.592      1.06      0.11      1.77        12       768     0.776      0.81     0.848     0.786      1.88      9.86      6.68
   109/109     9.96G     0.594      1.06     0.109      1.77        12       768     0.777      0.81     0.848     0.786      1.87      9.89       6.7
