     0/109     6.68G      4.03      12.7      34.9      51.7        12       768         0         0   0.00244         0      3.87      9.94      32.6
     1/109      6.7G      3.43      7.62      30.1      41.2        12       768      0.05   0.00216    0.0104   0.00314      4.82      8.12        30
     2/109      6.7G      3.84       6.1      25.5      35.5        12       768    0.0753    0.0216    0.0405    0.0231      4.06      6.46        27
     3/109      6.7G      3.77      5.44      20.8        30        12       768     0.155     0.167     0.134     0.113      3.21      6.03      19.2
     4/109      6.7G      3.73      5.19        16      24.9        12       768     0.135     0.178     0.113      0.11      4.36      5.31      17.2
     5/109      6.7G      4.06      4.83        12      20.9        12       768     0.184     0.344       0.2     0.179      3.65      5.74      15.7
     6/109      6.7G      3.88      4.64      9.32      17.8        12       768     0.278     0.397     0.299     0.275       3.3       6.1      11.4
     7/109      6.7G      3.76      4.45      7.05      15.3        12       768     0.302     0.535     0.395     0.349      3.02      5.92      9.29
     8/109      6.7G      3.69      4.26      5.52      13.5        12       768      0.21     0.479      0.27     0.265      3.71      5.81      9.59
     9/109      6.7G      3.77      4.12      4.53      12.4        12       768     0.298     0.579     0.428     0.363      3.36      6.13      8.84
    10/109      6.7G      3.46      4.05      3.71      11.2        12       768     0.335     0.644     0.505     0.416      3.03      6.01      7.42
    11/109      6.7G      3.31      3.88      2.95      10.1        12       768     0.375     0.666     0.546     0.455      2.72       5.9      6.99
    12/109      6.7G       3.2      3.72      2.36      9.27        12       768     0.307     0.693     0.517     0.413      2.97      5.76       6.5
    13/109      6.7G       3.2      3.56      1.84       8.6        12       768     0.301     0.731     0.541     0.417      2.85      5.73      6.17
    14/109      6.7G      3.03      3.42      1.63      8.08        12       768      0.39     0.763      0.64     0.498      2.54      5.97      5.85
    15/109      6.7G      2.88      3.26      1.39      7.52        12       768     0.446     0.746     0.669     0.546      2.35      6.15      5.68
    16/109      6.7G      2.78      3.13      1.19       7.1        12       768      0.31     0.763     0.536     0.429      2.99      5.83      5.55
    17/109      6.7G      2.85      3.03      1.06      6.94        12       768     0.459     0.735     0.664     0.548       2.5       6.3      6.23
    18/109      6.7G      2.66      2.94      0.95      6.55        12       768     0.557     0.767     0.733     0.631      2.24      6.47      5.47
    19/109      6.7G      2.58      2.87     0.858      6.31        12       768     0.583      0.79     0.768     0.659      2.16       6.1      5.33
    20/109      6.7G      2.49      2.74     0.769         6        12       768     0.406     0.789     0.665     0.523      2.64       5.8      5.07
    21/109      6.7G      2.54      2.74     0.711      5.99        12       768     0.486     0.791     0.712     0.587      2.19      6.14      5.05
    22/109      6.7G      2.38      2.62     0.674      5.67        12       768     0.529     0.791     0.742     0.621      2.11      6.24      5.08
    23/109      6.7G      2.31      2.55     0.667      5.53        12       768     0.607     0.784     0.781     0.671      2.04      6.33      5.17
    24/109      6.7G      2.32      2.54     0.599      5.45        12       768     0.506     0.773     0.707     0.598      2.47      6.25      5.01
    25/109      6.7G      2.34      2.52     0.555      5.42        12       768     0.494     0.776     0.708     0.591      2.25      6.25      4.91
    26/109      6.7G       2.2      2.44     0.535      5.18        12       768     0.579     0.796     0.768     0.656         2      6.43      4.95
    27/109      6.7G      2.12      2.37     0.521      5.02        12       768     0.599     0.799     0.775     0.671      1.89      6.43         5
    28/109      6.7G      2.11      2.37     0.511      4.98        12       768     0.524     0.801     0.731      0.62      2.16      6.28         5
    29/109      6.7G      2.13      2.33     0.501      4.96        12       768     0.572     0.808     0.768     0.656         2      6.51      5.01
    30/109      6.7G      2.07      2.31      0.48      4.86        12       768     0.643     0.805     0.793     0.703      1.87      6.71      5.14
    31/109      6.7G      1.97      2.27     0.467       4.7        12       768     0.643     0.802     0.798     0.703      1.88      6.49      5.08
    32/109      6.7G      2.02      2.25     0.471      4.74        12       768     0.593     0.776     0.754     0.659      2.15      6.53      5.13
    33/109      6.7G      2.02      2.24     0.461      4.72        12       768     0.631     0.787     0.784     0.689      1.93      6.78      5.32
    34/109      6.7G      1.91       2.2     0.435      4.55        12       768     0.641     0.795     0.803     0.702      1.84      6.57      5.07
    35/109      6.7G       1.9      2.16     0.428      4.49        12       768     0.684     0.793     0.813     0.725      1.85      6.84      5.16
    36/109      6.7G      1.88      2.17     0.423      4.47        12       768     0.582       0.8     0.773     0.662      2.01      6.66       5.2
    37/109      6.7G      1.87      2.16      0.41      4.44        12       768     0.634     0.807     0.795     0.698      1.86      6.66      5.28
    38/109      6.7G      1.83      2.12      0.41      4.37        12       768     0.693     0.789     0.815     0.728       1.8      6.79       5.4
    39/109      6.7G      1.76       2.1     0.398      4.26        12       768     0.708     0.806     0.818     0.746      1.75      6.76      5.18
    40/109      6.7G      1.74      2.05     0.381      4.17        12       768     0.665     0.787     0.794      0.71      1.92      6.66      5.18
    41/109      6.7G      1.75      2.03      0.37      4.16        12       768      0.68     0.796     0.801     0.725      1.79      6.87      5.17
    42/109      6.7G      1.64         2     0.364      4.01        12       768     0.686     0.787      0.81     0.724      1.78      6.85      5.23
    43/109      6.7G       1.6      1.97     0.364      3.93        12       768     0.701     0.805      0.82     0.744      1.72      6.78      5.17
    44/109      6.7G       1.6      1.95     0.356      3.91        12       768     0.651     0.796     0.802     0.703      1.79      6.94      5.37
    45/109      6.7G      1.74      2.02     0.345      4.11        12       768     0.668     0.804     0.808     0.719      1.81      6.72       5.2
    46/109      6.7G      1.58      1.95     0.341      3.87        12       768     0.691     0.814     0.822      0.74       1.7      6.69      5.17
    47/109      6.7G      1.58      1.94     0.341      3.86        12       768     0.723     0.804     0.821     0.753      1.68      6.84      5.24
    48/109      6.7G      1.57      1.92     0.342      3.83        12       768     0.667     0.801     0.804     0.715      1.82      6.84       5.2
    49/109      6.7G      1.65      1.93     0.331      3.91        12       768     0.711     0.793     0.814     0.739       1.8      6.79      5.33
    50/109      6.7G      1.53       1.9     0.334      3.76        12       768     0.724     0.785     0.821     0.746       1.7      7.07      5.23
    51/109      6.7G      1.49      1.86     0.322      3.68        12       768     0.735     0.793     0.823     0.755      1.66      7.07      5.18
    52/109      6.7G      1.46      1.84     0.315      3.61        12       768     0.723     0.799     0.819     0.752      1.74      6.97      5.24
    53/109      6.7G      1.47      1.82     0.307      3.59        12       768     0.711     0.798     0.819     0.741      1.69      7.02      5.27
    54/109      6.7G      1.44      1.82     0.294      3.55        12       768      0.73     0.801      0.82     0.755      1.66      7.03       5.3
    55/109      6.7G      1.39      1.81     0.293      3.49        12       768     0.743      0.79     0.824     0.756      1.63      7.19      5.14
    56/109      6.7G      1.36      1.77     0.289      3.42        12       768      0.72       0.8      0.82     0.749      1.68         7      5.17
    57/109      6.7G      1.39      1.78     0.281      3.46        12       768     0.735     0.807     0.828      0.76      1.66      7.03      5.16
    58/109      6.7G      1.32      1.73     0.278      3.33        12       768     0.737     0.811      0.83     0.763      1.62      6.98      5.06
    59/109      6.7G      1.28      1.69     0.275      3.25        12       768     0.744      0.81     0.834     0.768      1.58      6.94      5.12
    60/109      6.7G      1.27       1.7     0.266      3.24        12       768     0.731     0.809     0.833     0.759      1.65      6.99      5.08
    61/109      6.7G      1.28      1.67      0.26      3.21        12       768     0.745     0.819     0.839     0.772      1.59      6.91      5.11
    62/109      6.7G      1.22      1.65     0.259      3.13        12       768     0.733     0.816     0.836     0.766      1.58      6.98       5.1
    63/109      6.7G       1.2      1.64     0.258       3.1        12       768      0.74     0.821     0.835     0.772      1.57      7.02      5.09
    64/109      6.7G      1.19      1.61     0.249      3.05        12       768     0.732     0.821     0.836     0.766      1.65      6.92      5.08
    65/109      6.7G       1.2       1.6     0.243      3.04        12       768     0.734     0.824     0.842     0.768      1.57      7.08      5.13
    66/109      6.7G      1.14      1.56     0.234      2.93        12       768     0.742     0.819     0.834      0.77      1.57      7.09       5.1
    67/109      6.7G      1.12      1.54     0.234      2.89        12       768     0.741     0.818     0.837      0.77      1.56      7.15       5.1
    68/109      6.7G      1.07      1.52     0.233      2.83        12       768     0.737     0.818     0.836     0.767      1.55      7.09      5.09
    69/109      6.7G       1.1      1.55     0.225      2.87        12       768     0.732     0.813     0.834     0.764      1.58      7.11      5.16
    70/109      6.7G      1.07      1.51     0.222       2.8        12       768      0.75     0.814     0.835     0.772      1.56      7.22      5.15
    71/109      6.7G      1.03      1.48     0.214      2.72        12       768     0.757     0.809     0.833     0.774      1.55      7.33      5.17
    72/109      6.7G      1.01      1.46     0.207      2.68        12       768     0.753     0.809     0.831     0.772      1.56      7.31      5.17
    73/109      6.7G      1.05      1.47     0.207      2.73        12       768     0.749      0.81     0.833      0.77      1.55      7.28      5.21
    74/109      6.7G      1.01      1.47     0.199      2.68        12       768     0.756     0.808     0.832     0.773      1.55      7.29       5.2
    75/109      6.7G     0.956      1.39     0.197      2.54        12       768     0.752     0.808     0.831     0.772      1.53      7.37      5.18
    76/109      6.7G     0.938      1.39     0.189      2.52        12       768     0.762     0.813     0.836     0.779      1.54      7.38      5.18
    77/109      6.7G     0.928      1.37     0.182      2.48        12       768     0.758     0.808     0.833     0.774      1.54      7.36      5.18
    78/109      6.7G     0.907      1.36     0.179      2.45        12       768     0.759     0.811     0.836     0.776      1.54      7.29      5.18
    79/109      6.7G      0.87      1.34     0.174      2.38        12       768     0.753     0.814     0.837     0.775      1.52       7.3      5.21
    80/109      6.7G     0.863      1.32      0.17      2.35        12       768      0.76     0.811     0.838     0.777      1.52      7.36      5.23
    81/109      6.7G     0.844      1.31     0.164      2.31        12       768     0.756     0.811     0.837     0.775      1.53       7.3      5.26
    82/109      6.7G     0.836      1.29     0.163      2.29        12       768      0.76     0.816     0.839     0.779      1.51      7.34      5.22
    83/109      6.7G     0.807      1.26     0.157      2.23        12       768     0.764      0.81     0.839     0.778      1.51      7.42      5.24
    84/109      6.7G     0.795      1.25     0.153       2.2        12       768     0.755     0.807     0.837     0.772      1.51       7.4      5.24
    85/109      6.7G     0.799      1.24      0.15      2.19        12       768     0.765      0.81     0.838     0.778      1.51       7.5      5.28
    86/109      6.7G      0.75       1.2     0.144       2.1        12       768     0.767     0.811     0.841     0.779       1.5      7.54       5.3
    87/109      6.7G     0.723      1.18      0.14      2.05        12       768     0.767     0.811     0.841      0.78       1.5      7.56      5.32
    88/109      6.7G     0.715      1.18     0.138      2.03        12       768     0.771     0.807     0.838      0.78      1.51      7.64      5.32
    89/109      6.7G     0.692      1.15     0.134      1.98        12       768     0.776     0.816     0.842     0.786       1.5       7.6      5.34
    90/109      6.7G     0.672      1.12      0.13      1.93        12       768      0.77     0.813     0.839     0.783       1.5      7.61      5.36
    91/109      6.7G      0.65      1.11     0.126      1.89        12       768     0.765     0.809     0.837     0.778       1.5      7.64      5.37
    92/109      6.7G     0.642       1.1     0.124      1.86        12       768     0.774     0.815      0.84     0.786      1.49      7.64       5.4
    93/109      6.7G     0.633      1.08     0.122      1.84        12       768     0.772     0.814     0.838     0.785      1.49      7.66      5.43
    94/109      6.7G     0.608      1.07     0.118       1.8        12       768     0.759     0.803     0.834     0.773      1.49       7.7      5.46
    95/109      6.7G     0.592      1.06     0.116      1.76        12       768      0.76     0.807     0.834     0.775       1.5      7.71      5.48
    96/109      6.7G     0.581      1.05     0.113      1.74        12       768     0.768     0.813     0.837     0.782      1.49       7.7      5.46
    97/109      6.7G     0.587      1.06     0.112      1.75        12       768     0.764      0.81     0.835     0.778       1.5      7.71      5.47
    98/109      6.7G     0.569      1.05      0.11      1.73        12       768     0.769     0.819     0.837     0.785      1.49       7.7      5.45
    99/109      6.7G     0.559      1.04     0.108      1.71        12       768      0.77     0.818     0.839     0.785      1.49       7.7      5.46
   100/109      6.7G     0.563      1.04     0.107      1.71        12       768     0.766     0.814     0.838     0.782      1.49      7.71      5.46
   101/109      6.7G      0.56      1.03     0.105       1.7        12       768     0.764     0.813     0.838      0.78      1.49      7.71      5.47
   102/109      6.7G     0.547      1.02     0.104      1.67        12       768     0.765     0.815     0.837     0.781      1.49      7.72      5.49
   103/109      6.7G     0.536         1     0.103      1.64        12       768     0.762     0.813     0.837     0.779      1.48      7.72      5.49
   104/109      6.7G     0.541      1.01     0.102      1.65        12       768     0.764     0.813     0.837      0.78      1.48      7.74      5.49
   105/109      6.7G     0.526     0.984     0.101      1.61        12       768     0.762     0.813     0.836     0.779      1.48      7.75      5.51
   106/109      6.7G      0.51     0.956    0.0996      1.57        12       768     0.759     0.809     0.836     0.775      1.48      7.75      5.52
   107/109      6.7G     0.501     0.946    0.0986      1.55        12       768     0.756     0.808     0.834     0.773      1.48      7.77      5.53
   108/109      6.7G     0.502      0.94    0.0979      1.54        12       768     0.759      0.81     0.835     0.776      1.48      7.77      5.53
   109/109      6.7G     0.506     0.933    0.0973      1.54        12       768     0.759     0.809     0.834     0.775      1.48      7.78      5.54
