     0/149     7.39G      4.92      15.2      35.6      55.7        12       768  0.000183  0.000467  0.000776  0.000263      4.36      11.8      33.2
     1/149     7.41G      3.56      10.1      30.7      44.4        12       768    0.0199  0.000397   0.00566  0.000777      4.47      8.38      29.4
     2/149     7.41G      3.98      7.25      26.9      38.1        12       768    0.0919   0.00397    0.0253   0.00733      4.08      6.62      26.2
     3/149     7.41G      3.73      6.38        23      33.1        12       768     0.167    0.0295    0.0821    0.0422      3.46      6.96      22.7
     4/149     7.41G      3.62      6.14      19.5      29.3        12       768    0.0495   0.00552     0.016   0.00766      4.76      9.18      29.4
     5/149     7.41G      3.64       5.9      16.6      26.2        12       768     0.198    0.0549     0.103     0.068      3.59       6.8      21.6
     6/149     7.41G      3.64       5.6      13.9      23.2        12       768     0.255     0.229     0.204     0.192      3.16      6.74      15.2
     7/149     7.41G      3.72      5.24      11.4      20.4        12       768     0.277     0.324     0.286     0.246      3.08      6.31        14
     8/149     7.41G      3.71      5.01      9.37      18.1        12       768     0.172     0.191     0.145     0.158       4.5      5.19      14.4
     9/149     7.41G      3.83      4.77      7.72      16.3        12       768     0.309      0.34     0.296     0.275      3.16      6.58        13
    10/149     7.64G      3.61      4.69      6.58      14.9        12       768     0.242     0.341     0.252     0.226      3.42      6.39      13.4
    11/149     7.64G      3.62      4.43      5.37      13.4        12       768     0.343     0.464     0.407     0.351      2.97      6.41      11.4
    12/149     7.64G       3.5      4.29      4.47      12.3        12       768     0.275      0.31     0.253     0.238      3.76      6.65      13.2
    13/149     7.64G      3.55       4.1      3.65      11.3        12       768     0.296     0.456     0.366     0.332       3.2      6.58      10.3
    14/149     7.64G      3.33      3.99      3.12      10.4        12       768     0.347     0.515     0.441     0.375      2.81      6.63      10.3
    15/149     7.64G      3.21      3.84      2.64      9.69        12       768     0.393     0.603     0.543      0.45      2.55      7.16      8.95
    16/149     7.64G      3.11      3.75      2.31      9.17        12       768     0.291     0.525     0.389     0.356      3.12      6.83        10
    17/149     7.64G      3.21      3.63      1.94      8.78        12       768     0.355      0.64     0.524     0.442       2.8      6.85      8.58
    18/149     7.64G      2.99      3.51      1.71      8.21        12       768      0.43     0.619     0.559     0.483      2.43       7.3      9.55
    19/149     7.64G      2.82       3.4      1.45      7.67        12       768     0.441     0.598     0.554     0.477      2.41      7.29        10
    20/149     7.64G      2.81      3.29      1.27      7.38        12       768     0.429       0.6     0.537     0.471       2.6      7.19      9.85
    21/149     7.64G       2.8      3.21      1.09      7.11        12       768     0.421     0.632      0.57     0.486      2.46      6.98      9.03
    22/149     7.64G      2.76      3.11      1.05      6.92        12       768     0.504     0.626     0.606     0.534      2.23      7.44      9.22
    23/149     7.64G      2.62      2.99     0.953      6.56        12       768     0.531     0.609     0.613     0.537      2.22      7.59      9.31
    24/149     7.64G      2.53      2.93     0.873      6.33        12       768     0.491     0.624     0.582     0.516      2.56      7.32      9.55
    25/149     7.64G      2.58      2.86     0.778      6.22        12       768     0.492     0.617     0.593     0.518       2.4      7.58      9.22
    26/149     7.64G      2.44      2.77     0.728      5.94        12       768     0.544     0.638     0.641     0.566      2.18      7.95      8.67
    27/149     7.64G      2.41      2.72     0.675       5.8        12       768     0.587     0.639      0.66     0.591      2.15      7.81      9.15
    28/149     7.64G      2.37      2.69     0.646      5.71        12       768     0.518     0.621     0.582      0.54      2.66       7.6      9.31
    29/149     7.64G      2.38      2.66     0.639      5.68        12       768     0.559     0.681     0.662     0.592      2.11      7.91      8.68
    30/149     7.64G      2.32      2.62     0.616      5.55        12       768     0.581     0.653     0.663     0.594      2.16      8.36      8.69
    31/149     7.64G      2.28      2.62     0.674      5.57        12       768     0.633     0.673      0.69     0.633      1.99      8.66      8.98
    32/149     7.64G       2.2      2.53     0.589      5.32        12       768     0.518     0.642     0.618     0.552      2.35      8.53      8.48
    33/149     7.64G      2.33      2.52     0.561      5.41        12       768     0.619     0.687     0.697     0.631      2.12      8.55      8.56
    34/149     7.64G      2.17      2.46     0.541      5.17        12       768     0.642     0.675     0.694     0.638      1.99      8.55      8.94
    35/149     7.64G      2.11      2.44     0.502      5.05        12       768      0.64     0.674     0.697     0.635      1.98      8.18      8.91
    36/149     7.64G      2.05      2.38     0.503      4.94        12       768     0.561      0.67     0.653     0.589      2.23      8.47      8.15
    37/149     7.64G      2.18       2.4     0.479      5.06        12       768     0.599      0.67     0.684     0.614      2.03      8.33      8.16
    38/149     7.64G      2.07      2.38     0.482      4.93        12       768     0.649     0.648     0.695     0.631      1.96      8.59      8.55
    39/149     7.64G         2      2.33      0.46      4.79        12       768     0.659     0.653     0.706     0.639      1.91      8.76      8.01
    40/149     7.64G      1.97       2.3     0.451      4.72        12       768     0.618     0.657     0.675     0.621      1.97      8.72      7.99
    41/149     7.64G      2.05       2.3     0.438      4.78        12       768     0.657     0.666     0.705     0.643      2.05      8.87      8.44
    42/149     7.64G      1.92      2.26     0.426       4.6        12       768     0.673     0.665     0.702     0.651      1.93      8.79      8.16
    43/149     7.64G      1.84      2.19     0.429      4.46        12       768      0.69     0.631     0.697     0.637       1.9      9.03      9.02
    44/149     7.64G      1.85      2.18     0.417      4.45        12       768      0.63     0.647     0.669     0.613      2.11      8.95      8.69
    45/149     7.64G      1.93      2.18     0.397       4.5        12       768     0.649     0.636     0.683     0.618      1.96      9.18      9.14
    46/149     7.64G      1.87      2.16     0.398      4.43        12       768     0.668     0.651     0.705     0.641       1.9       8.8      8.52
    47/149     7.64G       1.8      2.13     0.402      4.33        12       768     0.693     0.635     0.697     0.639      1.88      8.92      8.78
    48/149     7.64G      1.76      2.13     0.397      4.29        12       768     0.667     0.641     0.695     0.633      2.03      8.95      8.93
    49/149     7.64G      1.82      2.13     0.377      4.33        12       768     0.683     0.643     0.703     0.644      1.89      9.11      8.56
    50/149     7.64G      1.73      2.08     0.381      4.19        12       768     0.702     0.642     0.714     0.653      1.84      9.06      8.82
    51/149     7.64G      1.69      2.09     0.371      4.15        12       768     0.712     0.655     0.727     0.664      1.81      8.98      9.04
    52/149     7.64G       1.7      2.07     0.375      4.14        12       768     0.697     0.669     0.727     0.665       2.1      8.85       8.5
    53/149     7.64G      1.72      2.07     0.366      4.16        12       768     0.738     0.664     0.733     0.678      1.83      9.25      8.79
    54/149     7.64G      1.64      2.01     0.357      4.02        12       768     0.715     0.657     0.721     0.667       1.8      9.09      9.16
    55/149     7.64G      1.65      2.04     0.355      4.04        12       768      0.72     0.654     0.722     0.666      1.78      8.98       9.1
    56/149     7.64G      1.66      2.03     0.349      4.03        12       768     0.682     0.638     0.709     0.643      1.82      9.05      8.79
    57/149     7.64G      1.71      2.02     0.338      4.07        12       768     0.689     0.643     0.706     0.646      1.88      9.17         9
    58/149     7.64G       1.6      1.98     0.341      3.92        12       768     0.721     0.653     0.725     0.666      1.78      9.01      8.94
    59/149     7.64G      1.58      1.95     0.334      3.86        12       768     0.726     0.648      0.73     0.665      1.77      9.02      8.79
    60/149     7.64G      1.55      1.96     0.328      3.84        12       768     0.692     0.665     0.723     0.662      1.83      8.98       8.3
    61/149     7.64G      1.53      1.93     0.314      3.77        12       768     0.709     0.664     0.725     0.665      1.84      8.97      8.76
    62/149     7.64G      1.53      1.91     0.318      3.76        12       768     0.746     0.666     0.735     0.685      1.77       9.1      9.02
    63/149     7.64G      1.47       1.9     0.314      3.69        12       768      0.73      0.64     0.725      0.66      1.77      9.35      9.03
    64/149     7.64G      1.55      1.92     0.315      3.79        12       768     0.704     0.682     0.729     0.677      1.83      8.87      8.52
    65/149     7.64G      1.54      1.91     0.303      3.75        12       768     0.716     0.663     0.726      0.67      1.76      9.21      8.82
    66/149     7.64G      1.48      1.86     0.302      3.64        12       768     0.714     0.659     0.729     0.671      1.79      9.19      8.69
    67/149     7.64G      1.45      1.87     0.298      3.62        12       768     0.718     0.672     0.732      0.68      1.75      9.01      8.61
    68/149     7.64G      1.46      1.86     0.293      3.62        12       768     0.713     0.666      0.73     0.676      1.81      9.16      8.38
    69/149     7.64G      1.51      1.88     0.288      3.68        12       768     0.726     0.665     0.737     0.681      1.79      9.08      8.55
    70/149     7.64G      1.37      1.81     0.289      3.48        12       768     0.722     0.664     0.733     0.677      1.75      9.13      8.73
    71/149     7.64G      1.34      1.77     0.282       3.4        12       768     0.725     0.666     0.738     0.676      1.72      9.08      8.89
    72/149     7.64G      1.33      1.78     0.281       3.4        12       768     0.719     0.671     0.736     0.678      1.76      9.25      8.42
    73/149     7.64G      1.37      1.81     0.276      3.46        12       768     0.732     0.678     0.736     0.686      1.75      9.19      8.62
    74/149     7.64G      1.34      1.76     0.275      3.37        12       768     0.733      0.67      0.74     0.684      1.69       9.3       8.6
    75/149     7.64G      1.33      1.76     0.267      3.35        12       768     0.719      0.65     0.733     0.666       1.7       9.3         9
    76/149     7.64G      1.34      1.77     0.269      3.38        12       768     0.724     0.659      0.73     0.671      1.72      9.14       8.8
    77/149     7.64G      1.32      1.73     0.258      3.31        12       768     0.725     0.654     0.733     0.668       1.7      9.29      8.96
    78/149     7.64G      1.28      1.71      0.26      3.25        12       768     0.725     0.654      0.73     0.668      1.68      9.47      9.32
    79/149     7.64G      1.24      1.69     0.253      3.18        12       768      0.72     0.656     0.734      0.67      1.69      9.31      9.11
    80/149     7.64G      1.24      1.68     0.251      3.18        12       768     0.724     0.637     0.724     0.661      1.67      9.36      9.11
    81/149     7.64G      1.29      1.69      0.24      3.21        12       768     0.721     0.651     0.728     0.669      1.72      9.46      9.01
    82/149     7.64G       1.2      1.65     0.245      3.09        12       768     0.728     0.659     0.737     0.675      1.66       9.5      9.09
    83/149     7.64G      1.19      1.64     0.239      3.06        12       768     0.731     0.658     0.733     0.675      1.67      9.57      9.12
    84/149     7.64G       1.2      1.62     0.237      3.06        12       768     0.725     0.656      0.74     0.673      1.67      9.41      8.94
    85/149     7.64G      1.22      1.64     0.235      3.09        12       768     0.731     0.665      0.74      0.68      1.66      9.48      9.12
    86/149     7.64G      1.14       1.6     0.229      2.97        12       768     0.731     0.659     0.741     0.678      1.64      9.55      9.28
    87/149     7.64G      1.13      1.57     0.226      2.92        12       768     0.727     0.653     0.736     0.674      1.64      9.61       9.3
    88/149     7.64G      1.16       1.6     0.225      2.99        12       768     0.752     0.664      0.74     0.688      1.69      9.54      9.31
    89/149     7.64G      1.15      1.61      0.22      2.97        12       768     0.738     0.652     0.729     0.674      1.66      9.67      9.55
    90/149     7.64G       1.1      1.57     0.217      2.88        12       768      0.74     0.652     0.737     0.677      1.65      9.53      9.42
    91/149     7.64G      1.06      1.53     0.213       2.8        12       768     0.743     0.645     0.736     0.673      1.62      9.58      9.33
    92/149     7.64G      1.08      1.53     0.212      2.81        12       768     0.742     0.627     0.728     0.662      1.65      9.74      9.29
    93/149     7.64G      1.06      1.51     0.206      2.78        12       768     0.751     0.645     0.738     0.678      1.63      9.83      9.38
    94/149     7.64G      1.04      1.49     0.202      2.73        12       768     0.752     0.637     0.737     0.671      1.63      9.79      9.47
    95/149     7.64G      1.02      1.48     0.203       2.7        12       768     0.757     0.642     0.734     0.676      1.63      9.78      9.34
    96/149     7.64G      1.01      1.48     0.198      2.69        12       768     0.753     0.639     0.737     0.674      1.63       9.9      9.32
    97/149     7.64G      1.03      1.49     0.193      2.72        12       768     0.741     0.637     0.736     0.671      1.63      9.77       9.4
    98/149     7.64G     0.989      1.46     0.189      2.64        12       768     0.757     0.637     0.737     0.674      1.63      9.78       9.5
    99/149     7.64G     0.973      1.45      0.19      2.62        12       768     0.755     0.635     0.735     0.671      1.62      9.91      9.37
   100/149     7.64G     0.979      1.46     0.184      2.62        12       768     0.745     0.627     0.733     0.664      1.65      9.97      9.31
   101/149     7.64G     0.956      1.42     0.179      2.55        12       768     0.763     0.645      0.74      0.68      1.63      9.88      9.61
   102/149     7.64G     0.924      1.41     0.178      2.51        12       768     0.771     0.655     0.745     0.688      1.61      9.99      9.39
   103/149     7.64G     0.918       1.4     0.176      2.49        12       768      0.76     0.649     0.738     0.682      1.62        10       9.6
   104/149     7.64G     0.935      1.39     0.172       2.5        12       768     0.778     0.667     0.753     0.699      1.63      9.92      9.46
   105/149     7.64G     0.904      1.39     0.168      2.46        12       768     0.777     0.655     0.745     0.693      1.61      10.1      9.43
   106/149     7.64G     0.894      1.36     0.165      2.42        12       768     0.775     0.654     0.744     0.692      1.62        10      9.49
   107/149     7.64G     0.859      1.34     0.163      2.36        12       768     0.764     0.652     0.739     0.684      1.61      10.1      9.57
   108/149     7.64G     0.828      1.31     0.158       2.3        12       768     0.775     0.663     0.747     0.695      1.61      10.1      9.62
   109/149     7.64G     0.854      1.34     0.156      2.35        12       768     0.764     0.648     0.739     0.682      1.62      10.1      9.74
   110/149     7.64G     0.824      1.31     0.153      2.29        12       768     0.762     0.644     0.735     0.678      1.61      10.1      9.79
   111/149     7.64G      0.81       1.3      0.15      2.26        12       768     0.757     0.638     0.732     0.673       1.6      10.1      9.78
   112/149     7.64G     0.807       1.3     0.147      2.25        12       768     0.763     0.632     0.728     0.671      1.61      10.1      9.86
   113/149     7.64G     0.787      1.27     0.144       2.2        12       768     0.759     0.628     0.728     0.667      1.61        10      9.97
   114/149     7.64G     0.774      1.27     0.141      2.19        12       768      0.75     0.629     0.729     0.664       1.6      10.1      9.98
   115/149     7.64G      0.75      1.24     0.139      2.13        12       768     0.756     0.638     0.726      0.67      1.61      9.98      10.1
   116/149     7.64G     0.757      1.25     0.136      2.14        12       768     0.761     0.633      0.73     0.669      1.59      9.98      10.1
   117/149     7.64G     0.779      1.26     0.136      2.18        12       768     0.767     0.634     0.731     0.671       1.6      9.98      10.1
   118/149     7.64G     0.724      1.21      0.13      2.07        12       768     0.764      0.64     0.735     0.674      1.59      9.94      9.96
   119/149     7.64G     0.719      1.21     0.128      2.06        12       768     0.758     0.638     0.735      0.67      1.59        10      9.92
   120/149     7.64G     0.703       1.2     0.126      2.02        12       768     0.769     0.645      0.74     0.679      1.59      10.1      9.81
   121/149     7.64G     0.699      1.19     0.123      2.02        12       768     0.769     0.649     0.744     0.683      1.59      10.1      9.77
   122/149     7.64G     0.679      1.17     0.121      1.97        12       768     0.769     0.647     0.742     0.682      1.59      10.1      9.79
   123/149     7.64G     0.669      1.17     0.119      1.96        12       768     0.765     0.649     0.741     0.682       1.6      10.1      9.82
   124/149     7.64G     0.661      1.16     0.116      1.94        12       768     0.753     0.643     0.741     0.676       1.6      10.2      9.76
   125/149     7.64G     0.673      1.18     0.115      1.97        12       768     0.767     0.647     0.742     0.682      1.59      10.2      9.95
   126/149     7.64G     0.633      1.14     0.112      1.88        12       768     0.765     0.649     0.742     0.683      1.59      10.1      10.1
   127/149     7.64G     0.615      1.13     0.109      1.85        12       768     0.763     0.646     0.739     0.679      1.59      10.2      10.1
   128/149     7.64G     0.613      1.12     0.107      1.84        12       768     0.769     0.645     0.739     0.681      1.59      10.2      10.1
   129/149     7.64G     0.631      1.13     0.107      1.87        12       768     0.773     0.638     0.735     0.677       1.6      10.2      10.2
   130/149     7.64G     0.604      1.11     0.105      1.82        12       768      0.78     0.641     0.736      0.68      1.59      10.3      10.2
   131/149     7.64G      0.59       1.1     0.103      1.79        12       768     0.771     0.635     0.732     0.674      1.59      10.3      10.2
   132/149     7.64G     0.591       1.1     0.102       1.8        12       768     0.773     0.637     0.732     0.677      1.59      10.3      10.2
   133/149     7.64G     0.581      1.08     0.101      1.77        12       768     0.773     0.634     0.731     0.674      1.59      10.3      10.2
   134/149     7.64G     0.562      1.07    0.0999      1.73        12       768     0.775     0.637     0.731     0.677      1.59      10.3      10.2
   135/149     7.64G      0.56      1.07    0.0989      1.72        12       768     0.775     0.638     0.733     0.677      1.59      10.3      10.2
   136/149     7.64G     0.552      1.05    0.0978       1.7        12       768     0.773     0.637     0.733     0.676      1.59      10.3      10.1
   137/149     7.64G     0.556      1.06    0.0976      1.71        12       768     0.774     0.633     0.733     0.674      1.59      10.3      10.2
   138/149     7.64G     0.542      1.05    0.0968      1.69        12       768     0.773     0.635     0.735     0.675      1.59      10.4      10.2
   139/149     7.64G     0.522      1.01    0.0957      1.63        12       768     0.774     0.639     0.735     0.678      1.59      10.3      10.1
   140/149     7.64G     0.527      1.01    0.0951      1.64        12       768     0.775     0.635     0.734     0.675      1.59      10.3      10.2
   141/149     7.64G     0.525     0.999    0.0947      1.62        12       768     0.779     0.636     0.736     0.677      1.59      10.3      10.1
   142/149     7.64G     0.508     0.972    0.0941      1.57        12       768     0.778     0.636     0.737     0.677      1.59      10.3      10.2
   143/149     7.64G     0.495     0.958    0.0934      1.55        12       768     0.776     0.637     0.737     0.676       1.6      10.3      10.2
   144/149     7.64G       0.5     0.964     0.093      1.56        12       768     0.779     0.634     0.735     0.676      1.59      10.4      10.2
   145/149     7.64G     0.481     0.931    0.0919       1.5        12       768     0.778     0.634     0.735     0.676      1.59      10.3      10.2
   146/149     7.64G     0.472      0.91    0.0912      1.47        12       768     0.778     0.635     0.735     0.676       1.6      10.3      10.2
   147/149     7.64G     0.464     0.896    0.0906      1.45        12       768     0.779     0.635     0.735     0.676       1.6      10.4      10.2
   148/149     7.64G     0.459     0.892      0.09      1.44        12       768      0.78     0.635     0.735     0.677       1.6      10.4      10.2
   149/149     7.64G     0.463     0.897    0.0898      1.45        12       768      0.78     0.636     0.734     0.678       1.6      10.4      10.2
