00001427
00003026
00003555
0000989
00002355
00003031
00003076
00003287
00003646
00004336
00002325
0000894
00002994
00004481
00003425
00004106
00004311
00001251
0000024
00002374
00003605
0000145
0000477
0000012
00002338
00001440
00004211
00002825
00001031
00002797
00002778
00004349
00002739
00001647
0000407
00003232
00004005
00001539
00003520
00003456
0000257
0000878
00002313
00003251
0000859
00002669
00003151
0000595
00001168
00001609
00002455
0000669
00003470
00002435
00002773
0000919
0000944
00002064
00003523
0000485
00002764
00002291
00004384
00004399
00002806
00002113
00003399
00003388
0000084
00002977
00002013
0000265
00001780
00003743
00003808
00003498
00002943
00004493
00003971
00002726
00003990
00001586
00003747
00003350
00002912
00003639
00002792
0000518
00001932
00004176
00004165
00001153
00002112
00001673
0000213
0000177
00004112
00001885
00003412
00003045
0000263
00002875
00001029
00001997
00003017
00003521
00002446
0000627
00002601
0000357
00002157
00002315
0000987
0000317
00001652
00004302
00002156
00002516
00003595
00002174
00002762
00001137
00002704
00001907
00003109
00001814
00001371
00001363
00004038
00002980
00003127
00002085
0000487
00001234
00004179
0000051
0000763
00002510
00002557
00001129
0000505
00003004
0000406
00002777
00003247
00001984
0000979
00003219
00001653
0000589
00003163
00001940
00003571
00002541
00002663
00001669
00004352
00001408
00001442
00004373
00003574
00002944
00002683
00002956
00002703
0000813
00001595
00004236
00004310
00002014
0000580
0000966
00001326
0000622
00002381
00003077
00004364
00002394
0000755
0000280
00003349
00002199
00002645
0000786
00002932
00002928
00001902
00003558
00003934
00003166
0000457
00003625
00002559
0000412
00001861
00004320
00004467
00002356
00003870
00001330
00004472
0000426
00004381
00003509
00003603
00001776
0000451
00001479
00003563
00002403
00001710
00001696
00004436
0000184
00002684
0000853
00003162
00001464
0000206
00004314
00001209
00002740
00002458
00003624
00001748
0000378
00001633
0000535
00003256
00003632
0000701
00004156
00002327
00002088
00003657
00003825
00002701
00003190
00002004
00003334
00001969
00004033
00002472
00001378
00003372
00002143
00001340
00002518
00001324
00002110
00001752
0000754
00002226
00001193
00001891
00002162
00001286
00002062
00001303
0000834
00003341
00003063
00001248
00002834
0000049
00002787
00003957
00002899
00003922
00002471
0000275
0000278
00004475
00003768
00001975
00002745
00001123
0000732
00003502
00002921
00002136
00003495
00002094
00003459
00001395
0000674
00002068
00002010
00002232
00002934
00003832
0000720
00001318
00001477
00004001
00004065
00003427
00002860
00004048
00003880
00002384
00002602
00003089
00001954
00003920
0000142
00004110
00003600
00001155
0000350
00002011
00002989
0000943
00001699
00003848
0000218
00002606
00004380
00002862
00001631
0000668
0000880
00003997
00002142
00002630
0000513
0000124
0000203
0000777
0000299
00001041
00001436
00004039
00004457
0000166
00001554
00003840
0000574
00002511
00003244
00001337
00001090
00004122
00002288
00002953
00003491
00001740
00002344
00001372
0000069
00002636
00002164
00002080
00002364
00003455
00004087
00004261
00003393
00001380
00002560
00002951
00002929
00001071
0000468
00004155
00003637
00001478
0000871
0000219
00001428
00002587
00003943
00001876
0000646
00003255
00004372
0000756
0000537
00001398
00003385
00002224
00003059
00002842
00003484
00003711
0000094
00002551
00001426
0000413
0000032
00004251
00001698
00002084
00004410
00001220
0000617
00004252
00002648
00002656
00004091
0000869
00003687
00003253
0000438
0000302
00002268
00002850
0000123
0000168
0000450
00001938
00001701
0000842
0000476
00002810
00001060
00003904
00002332
00003550
0000996
00002373
00001936
00002524
00003692
00001662
00001722
00002466
00002075
00003390
00004463
00004139
0000828
00003335
00002371
00003384
0000667
00001377
00001159
00001862
00001339
00001968
0000893
0000333
00002870
0000528
00004461
00003760
00002028
0000616
00002389
00003264
00001336
00001990
00002476
00001908
00002167
0000814
00004117
00002761
00002163
00001644
0000832
00004060
00001585
00002759
0000787
0000883
0000270
00003663
00003899
00003010
00001536
00003588
0000598
00003145
0000723
00002865
0000506
0000182
0000176
00001274
0000172
00003100
00001700
0000782
00001912
00001239
00003634
0000835
0000470
0000509
00001014
00003464
0000579
00003785
0000955
0000546
0000199
00002500
0000958
00001637
00004182
00002652
00003160
00004063
00003090
0000323
00001079
0000860
00003510
00004024
00002814
00002995
00004120
00004258
00001393
0000938
0000432
00003819
00002117
00001419
0000698
00002790
00002649
00003156
00004094
00003566
00003847
00001766
00001849
00003314
00002316
00001136
00002090
00003437
0000781
00001205
00002680
00003677
00002058
00001070
00001846
00004371
00001790
00003930
0000455
00003068
00002118
00004084
00001006
00004482
00003533
00002404
0000493
00003286
00002076
0000127
00003085
0000607
00001061
00003643
00004291
0000656
00003062
00002123
00002414
0000307
0000361
00001971
00004341
0000644
0000891
00001018
0000922
00004435
00002099
0000362
00003203
00002727
00001465
00001768
00002350
00001381
0000600
00004438
0000011
00001593
00002992
00004262
00003050
00004297
0000946
00004424
00003280
0000865
00003945
00001113
00003528
00003929
00004374
00003209
00002922
00002347
00002942
00002235
00003695
00003084
00003672
00001049
0000933
00004271
00001276
00004306
00002749
00002352
0000047
00002188
00002515
00003849
00001546
00003107
00002579
00001087
00002811
00003586
00004072
00001817
00001590
00001064
00001947
00003347
00003822
00001171
0000266
00003724
00002254
0000402
00001063
00002888
00001541
0000198
00001222
00004235
0000654
00001708
00001931
00002624
00004405
00003567
00001886
00001890
00002287
00002038
00003485
00001582
0000118
00004345
00002345
0000055
00003917
00004342
00002753
00001306
00003676
00001547
0000917
00002549
00002969
00004308
00003700
0000879
00004128
00002894
00001842
0000469
00003129
00004140
00003337
00003196
00002572
0000852
00003110
00001664
00003040
0000822
00003324
00002584
00003300
00002576
00002061
00001299
00002122
00003329
00002201
00001690
00001537
00002917
00001783
00003276
0000704
00002057
00002999
00001879
0000554
00003725
00002892
00002779
0000341
00001826
00001461
00003014
00003756
00003246
00003857
00001978
00001320
00001431
00003770
00001268
0000303
00002270
00004220
0000452
00004121
00001813
00003717
00001066
00004206
00003290
00003170
0000625
0000292
00002975
00001806
00003044
0000035
00002525
00001232
00004163
00001592
00003249
00002155
0000969
00002818
00002238
00003446
0000765
0000636
00003954
00001812
00004226
00002185
00001114
00003592
00001439
00001499
00003775
00001353
00002679
0000621
00003552
00003489
00003367
00004076
00004409
00003763
00001770
00003353
00002221
00003539
00004018
00002385
00001651
00001622
00001305
0000486
00004366
00004285
0000165
00003524
0000882
00001996
00001649
0000099
0000331
00001618
0000569
0000162
00001329
00001964
00003540
00001758
00004425
00004407
00001852
00004398
00004229
00003851
00003706
00002348
00001843
0000849
00003662
00001314
0000189
00003051
00001513
00002931
00002231
00002172
00001525
00003707
00003140
00002855
00004269
00003838
00003071
00002184
00003529
00002578
00003581
0000706
00004443
0000968
00001692
00004248
0000167
0000941
00001203
00002049
00002041
00001199
00003789
00003506
00004455
00003576
00003784
0000730
00003549
00002955
00003192
00002625
00001354
00001249
00002915
00004307
0000999
0000714
00001506
00002844
00004008
00001013
00001628
00004356
00002836
00001295
0000693
0000899
00003730
00003441
00002877
00002365
0000377
0000797
00002556
00002425
00001420
0000570
00002037
00001655
00002236
0000078
00001189
0000347
0000244
00003615
00004192
00003916
00001152
00003650
0000425
00003400
00003885
00004494
00003818
0000297
00001939
00004335
00004075
0000125
00004460
0000914
00002147
00002297
00002532
00002176
00003912
0000238
0000700
00003376
0000262
00001387
0000525
0000304
0000478
00002426
00004159
00003648
00002565
00003958
00002462
00001961
00002216
00001446
00002909
0000405
00001636
00003193
00002362
00003989
00002793
0000976
0000771
00004051
0000685
00003729
00002319
00001915
0000298
0000785
00001658
0000603
00001005
00004370
00001450
00003111
00001612
0000031
00001615
00003070
00003052
00003799
00004241
00002567
00003670
0000741
00004021
00003751
00003719
00001684
0000618
00002093
00004401
00002388
0000649
0000661
00004274
00004350
00001685
00002713
0000325
0000838
00002066
00001452
00002323
00001146
0000952
00003938
00001311
00001995
00002259
00001751
0000902
00003250
0000338
00001877
0000689
00002274
0000248
0000209
0000256
00001985
0000686
00003049
00002775
00004095
00004204
00001230
0000520
00003923
00002959
00004209
00002589
0000982
00003999
0000289
00001236
00001190
00003363
00001083
00001798
00002655
00001422
00002398
0000019
0000664
0000707
00001484
00001794
00002906
00003617
00003998
00004050
00004234
00001173
00001210
0000768
00001629
0000060
00002741
00001640
0000356
0000250
00003844
0000367
00001012
00001065
0000344
00002104
00001460
0000954
00001542
0000626
00001675
0000159
0000555
00004225
00002670
00001413
00003414
0000504
00002998
00003873
0000559
00003359
00003739
00001384
0000173
00004222
00001833
00002045
00001839
00001667
00003189
00002512
00003268
00004505
00003155
00004053
00002743
0000458
00003439
00002096
0000191
00002160
0000091
0000128
00003721
00001022
00003431
00001966
0000314
00003869
00002230
00002499
00003580
00003780
00004328
00004295
0000384
00002255
00002115
00002646
0000018
00004052
00003902
00001367
00003619
00001480
0000870
00003924
0000204
00002563
00002331
00002015
00001347
00002428
00001421
00003005
00003640
0000441
00002728
00003416
00002802
00002889
00001834
00001678
0000098
00003086
00002314
0000056
00003776
00001252
00001214
0000511
00003704
00003150
00003207
00003915
0000960
00002827
00001778
00003565
00002020
00003834
00004081
00001437
00004064
0000910
00001872
0000268
0000670
00001246
00001503
00001689
00001735
00002240
00002464
00003401
00002212
00003703
00002186
00003411
00004414
00003631
00002869
00002768
00002491
0000578
00003402
00003564
0000417
0000001
00002971
00003950
00002614
00003463
0000991
00002149
00003394
0000806
00004118
0000499
00004326
00003881
00003777
00001433
00001909
0000295
00003557
00002470
00001737
00001407
00003205
00004032
00001864
00004096
00003941
0000430
00003726
00001255
00003975
0000369
00003291
00003404
00001294
0000507
00003182
00003080
00002260
0000864
00001263
00003790
00001501
0000401
00004044
00002832
00003538
00002159
00001388
0000421
0000351
0000086
0000121
0000435
0000932
00003892
00002837
00002131
00002538
0000937
00001119
00002178
00003379
00002673
00001769
00002638
00002517
00004437
0000013
00002506
0000030
00001600
00001301
00002527
00002196
0000008
0000561
00002566
0000597
00003377
00003222
0000288
00001545
00004286
00004391
00003522
0000395
00004280
00001471
00001102
0000134
00001623
00003012
0000925
00002629
00002849
00002711
00003213
00001285
0000743
00001175
00004417
0000224
0000444
00004359
00001614
0000042
00003152
00001788
0000572
00004298
00003108
00003023
00003826
00001762
00003406
00003034
00003688
00004109
00001228
00004208
00003057
0000496
00001282
00002071
00002046
00003928
00002483
00001315
00004492
00003577
00002696
00004000
00001929
00001125
00002970
0000521
00002334
00001635
00003069
00002429
00002202
00002981
00001020
00001562
00003926
00001271
00003801
00003230
00002409
00002386
00004440
00003445
00002445
0000300
00003740
00003976
00001003
00003039
0000072
00002623
00002840
00004464
00002569
00002616
0000474
00001154
00003105
00001157
0000908
00004333
0000850
00001702
00002239
00004334
00002473
00002024
00002620
00004152
00003210
00001744
00001561
00001946
00004253
0000544
00001145
00001724
00001822
00001197
00002246
00003674
00003757
00001786
00001262
0000291
0000861
0000928
00003313
00003408
00001107
00002661
00001840
00003927
00003191
00003481
00003752
00004504
00004327
00004054
00002330
00001688
00004245
00001720
00002229
00001557
0000945
00003842
00003875
00001351
00003308
00001101
00002734
00003889
00003863
00001627
0000825
00003805
00002370
00003362
00002733
0000044
00002382
00001500
00003935
00001374
0000648
00004439
00003460
00002055
00003936
00002378
00003235
00004180
00002317
00003233
00003098
00001272
00001645
0000778
0000712
00001552
00001096
00002269
0000652
00001021
00004132
00003514
00001298
00003742
00003248
00001172
00004105
00003735
00003325
0000174
00002380
00003318
00001709
0000290
0000909
00001642
0000995
00003220
00003028
00003262
00003993
00002774
0000588
00001991
0000514
00004224
00002613
00002139
0000675
00001496
00004101
00003106
0000915
00002448
00001256
00003797
00003494
00001863
00003472
00001323
00001729
00002537
00002936
00002577
00001807
00002469
00001763
00003415
0000558
00001967
0000565
0000740
00001553
00001138
00002170
00003231
00002495
00003305
00001835
00004332
0000137
00002736
00002885
00003944
00002208
00002101
00003861
00003009
00003119
00002723
00001253
00002033
00003597
0000410
00003221
00001309
00004160
00001728
00003884
00001278
00001602
00003006
00002716
00001328
00001449
0000025
00002497
0000624
0000772
00001291
00004448
00003289
00003642
00003237
00003316
00003002
00002247
00001225
00002735
0000564
00003894
00003117
0000748
00001672
00003807
00004244
00002644
00004300
0000319
00002828
00003736
00002772
0000376
00001345
00001455
00002498
0000524
0000830
00004444
0000611
00002938
00002659
0000639
0000309
00003277
00001854
0000840
00001524
00001999
00001974
00002916
00001495
00003543
0000179
0000251
00003450
00001469
00002417
00001958
00002882
00001512
00002008
00003684
00003547
0000015
0000843
00001300
00003187
00002138
00004228
00003212
00003553
00004207
0000454
00003254
00003298
00004169
0000847
0000900
0000529
00003331
00002243
00002067
00001198
00003572
00002937
00003503
0000021
0000281
00002890
0000210
0000318
0000016
00003368
00002720
0000092
00004305
0000975
0000205
00001871
00002420
0000812
00004015
00003217
00004429
0000101
00002866
00001866
0000373
00003338
00002431
0000359
00003599
0000635
00004499
00001072
00002854
00001364
00001960
0000972
00003505
00001241
00003096
0000217
00001868
0000956
0000614
00001884
00003226
00002357
00002376
00001048
0000334
0000007
0000676
0000920
00002237
00001411
00003746
00002767
00003078
00003423
0000926
00004450
0000530
0000856
00001110
00004009
00003409
00002729
00003846
00003683
0000560
00004473
00004313
00001074
00001604
00001226
00001577
00003579
00001092
00002387
00003980
00003716
00003585
00002262
0000033
0000490
00002581
00004190
0000464
00004508
0000034
00001260
00003610
00004157
00002920
00001244
0000130
00002475
0000821
00003343
0000063
00003042
00001597
00004193
00004354
0000193
0000132
0000586
00003064
00001148
0000157
00002005
00003371
0000913
00002754
00003755
00003883
00003301
00002744
00002298
00004097
00004459
00003125
0000010
00003099
00003888
00001573
00003132
00004147
00003978
00003321
00004390
00004358
00003651
00001024
0000532
00002903
0000582
0000716
00001563
00003612
0000721
00002732
0000752
00002022
00001352
00001697
00001097
00003245
0000096
0000788
00001358
00002307
00001853
0000449
00001977
0000862
00004489
00001860
00004199
00004130
00002302
00003865
00002700
00003332
00001366
00004484
00001076
00003630
0000483
00001535
00004012
00002831
00002891
0000903
00001773
0000462
0000239
0000259
00003836
00003903
00001415
00001355
00001402
00003601
00002982
00001680
00002158
00003351
00004273
00001242
00001438
00001723
0000655
00003120
00004089
00001023
00003882
00001578
00003065
00004153
00004393
0000456
0000718
0000181
00001784
00002308
00003435
00004408
00001607
00002436
00001181
00002513
0000141
00002360
00002390
00002119
00003995
00003128
00002006
00001823
00001893
00003518
00002223
00001116
0000243
00003330
0000957
00001918
00002485
00001517
00003898
00002552
00002423
00004041
0000924
0000253
00004172
00004507
00002019
00003723
00003673
0000940
0000087
00001919
0000027
0000548
0000759
00002220
00004242
00001580
00001497
00004144
00004195
00001404
00003794
00001538
00004125
00003121
00002271
00001831
00002799
00002957
00001369
00001259
00004282
00002439
00002763
00003497
00004031
00001514
0000567
00003860
00001894
00003299
00002130
00004200
00001040
00004479
00001283
00002125
00001030
00001100
00002477
00001287
00003295
00001327
00001733
00001403
00001555
00004014
0000122
00002493
0000089
0000393
0000881
00003164
00002801
00001819
00003496
00001037
00004458
00001183
00001904
00001498
00002222
00004344
00004365
0000602
00002781
00002318
00001704
00004181
00002948
00002845
00001550
00002326
00002214
00003984
00003169
00002876
00003173
0000929
00001156
00002321
00002933
0000102
00003369
00002590
00003174
00002416
00003952
00002796
00002018
0000077
0000927
0000573
00003204
0000727
00003319
00002820
00003722
00001297
00003092
00003133
00002031
0000659
00003645
00002228
00003296
00001103
00001930
0000500
00003161
0000977
00002182
00003560
00002689
00001396
00001447
00003667
00003745
00002169
00001443
00004092
00003361
00001617
00002872
00002769
00001213
0000282
0000223
00002783
00003874
00002279
00001176
00003122
00001889
00001166
00004267
0000873
00003036
00003921
0000090
00003186
00001321
0000202
00001391
00004123
00001800
00003964
00003766
00001656
0000936
00002947
00001771
0000699
00001639
0000780
00002361
0000877
0000581
0000738
00003758
00002807
0000020
00001054
00001951
00002054
00001386
00002609
00003083
00002756
00001624
0000460
00001011
00002575
00002039
00002029
00004451
00002550
00001423
0000066
0000947
00001765
00003671
00002021
0000080
00001560
0000315
0000355
00003829
00004124
00003035
0000605
00001028
00003694
00001104
0000747
0000093
00001211
0000212
00002310
00001264
00002478
00003841
00004434
00003426
00003804
00001721
00001397
00002615
00003556
00002242
00003771
00002706
0000735
00002988
00002151
00002996
00001566
00004100
00003348
00001900
0000703
00002468
0000803
00001581
0000120
0000004
00003265
0000930
00003608
0000791
00003535
00003374
0000075
0000131
0000725
00002135
0000885
00004395
00002665
00001791
0000366
00002304
00002698
00002339
00003181
0000678
00003589
00003609
00002586
00002406
0000545
00004173
00001987
00001124
00004337
00001334
00001924
00001588
00001277
00002867
00004086
0000964
0000633
00001869
00001749
00003229
0000349
0000696
00001583
00004068
00001280
00004264
00004368
00001187
00003852
00001824
0000984
00004066
0000988
0000073
0000147
00004255
00003655
00003850
00002881
00003806
00001952
00002718
00004329
00004238
00001789
00003211
00002277
00002017
00002685
0000200
00001619
00001178
00002261
00002724
00001094
00003525
00002413
00002654
0000710
0000057
00003206
00001736
00001725
00002363
00004201
00002678
00002052
00003713
00002945
00001994
00001613
00002859
00002234
0000354
00001540
00001140
0000886
0000322
0000392
00001820
00002627
0000328
00001200
0000888
00004043
00002961
00004506
0000896
00002289
00001887
00003709
00003025
00003474
00001760
00002042
00003275
00003573
00002492
00002377
0000641
00004497
00001108
00001711
00001782
0000061
00003149
00003918
00003607
00001131
00002960
00003323
00003890
00004004
00001290
0000103
00002457
00001144
0000682
00002707
00001130
00002672
0000568
00004339
00001611
0000252
0000552
00003410
00004223
00002591
00003487
0000934
00004388
00001941
00004411
00002079
00004257
00002841
00002780
00001677
00002375
00002077
00001032
00004281
0000088
00003761
0000471
0000214
0000653
00003905
00003810
00002925
00003215
0000108
0000114
0000789
00004454
00003344
00004421
00002025
00001950
00003981
00004348
00002410
0000171
00001933
00001409
00001221
0000643
00001474
0000129
00001401
0000965
00001073
00002026
0000271
0000036
00001716
00002752
00003370
0000857
00004077
00002786
00001457
00002108
00001385
00003853
00002596
00001098
00003715
00003893
00002905
00001185
00001815
00004304
0000419
0000854
00001882
00004085
00001000
00002901
00001122
00003782
0000708
00004171
0000596
00003879
0000851
00002545
0000194
00003787
00003320
00002816
00001705
0000590
0000245
00002595
00002081
00003988
00003333
0000148
0000683
0000014
00002871
00002610
00001606
00003285
0000867
00001953
0000660
00002539
00002294
00002152
00003123
00001186
00001269
0000261
00001519
00001057
0000062
00002949
00001459
0000156
0000642
00003895
00003278
00003710
00001304
00001850
00001052
00003698
00003381
00003658
00002599
0000665
00004074
0000764
00001856
00002474
00003488
00003048
00002800
00004433
00002400
0000818
00001444
00001201
00002324
00002918
0000702
0000399
0000414
00003225
0000769
00002245
00002987
00001390
00003511
0000916
00003596
00002731
0000831
00004055
00003428
00002750
00003168
00003960
0000892
00004083
00001359
00004478
00003791
00003968
00001194
00001470
00003022
0000138
00004377
00002940
00003037
00003575
00001883
0000719
00001456
00004135
00003628
00001430
00003897
00002540
00003967
00001906
0000381
0000713
00002561
00004423
00002930
00003019
00003623
00003060
00002791
00002465
00002856
0000197
00004215
00001927
00003750
0000533
00003959
00002463
00003691
00001151
00003820
00002990
0000816
0000043
00002542
00003693
00004017
0000053
0000360
00003845
00003261
00001033
00002571
0000540
00002738
00002412
0000139
00001544
00003690
00003843
00004113
00001928
00004042
00002181
00003947
00003546
00001867
00003479
00002883
00001034
00004469
00002369
0000775
00001482
0000709
00003862
00002705
00001747
00004011
0000420
00001654
00001289
00001167
0000673
00001008
00003583
00001229
0000793
00003223
0000339
00002407
00002285
0000494
0000522
00001204
00004217
00001009
0000501
00003458
00001917
00002895
00002419
0000411
0000609
0000731
00002027
00003764
00002978
00003554
00001047
00003088
00003969
00003622
0000612
00001730
00003175
00002207
00004266
00001485
00002034
0000074
0000465
00003731
00004340
00001383
00001356
00001045
00002558
00002205
00002880
00001243
00004099
00002109
0000311
00002402
00001829
00001163
0000953
00004027
00002489
00002966
00001935
00002392
00002666
00003136
00001922
00002009
0000994
00001799
00003527
00002194
0000498
00002487
0000967
00001316
00003360
00004353
0000645
00002165
00004045
00001584
00003436
00003823
00001594
00001676
0000067
00002379
00002962
00002329
00002290
0000247
00001158
00001081
00003477
00001463
0000746
00001042
00001914
0000630
0000321
00002910
00004347
00002450
00001903
0000848
00002275
00003887
00002675
0000273
00001993
00001007
0000164
00001732
00004058
00002218
00001714
00003702
00002359
00001492
0000216
00004162
00001955
00002751
00003260
00002534
00002600
00003517
00001715
00004428
00003584
00003720
00004098
00003896
00001795
00001579
0000480
00003940
0000901
0000211
00003263
00003198
00003294
00004456
00002351
00004287
00003590
00002133
0000863
00002660
00002893
00003965
00001044
00003322
00001761
00002153
00002502
00004146
00001808
00001039
0000394
00001062
0000839
00003647
00003591
00004462
00004186
00002536
0000447
00004250
00002309
00004430
00001207
00003159
00001533
0000185
00004216
0000237
00001838
00001543
0000640
00004449
00001192
0000534
0000766
00002372
00002523
00002963
0000387
00001522
00001792
0000326
00002950
00001216
0000681
00001844
0000992
00002452
0000353
0000918
00004338
0000939
00003157
0000161
0000260
00001847
0000222
00001184
00003602
00002622
00003066
00003146
0000107
0000889
00001515
00004019
00003041
00001754
00001598
00002399
00003475
00003442
0000895
00001767
0000104
00002306
00002626
00001266
00001870
00004363
0000541
0000680
00002543
00002861
00003240
0000875
0000337
00001405
0000431
0000040
00001375
00003184
0000336
00003814
00001687
0000481
00003652
00003833
00002072
00002604
0000143
00002687
00002303
00001601
00004470
00001284
00001707
0000619
00003018
00004318
00001132
00002257
00001648
00004272
00003075
0000868
00004403
00003537
00003854
00002709
00002053
00004487
0000284
00003946
00002804
00003951
00001493
00001196
00002161
00003082
00002676
00001392
00003238
0000313
00003141
00004355
00004500
00001805
00004138
00003712
0000390
0000228
00003792
00003701
0000151
00004067
00003030
00003352
00002073
00003346
00003444
00002482
00001053
00003407
00001257
00002521
00001779
00004175
00001970
0000306
0000052
0000591
00003087
00001325
00002833
00003909
00003438
0000126
00003759
00002060
00003966
00002233
0000613
0000631
00003355
00004483
00003754
00002564
00003194
00002056
00001916
00002528
00004028
0000757
0000327
00001509
0000583
0000688
00002690
00003124
0000482
0000113
00001016
00004010
00001896
0000760
00004148
00002328
00001559
00003038
0000753
00002346
00002848
0000687
00003858
00003397
00002986
00004268
00001143
00004219
00003218
0000650
00004196
00001458
00003741
00003465
00003342
0000076
00002065
00004312
0000332
00003165
00002103
00003542
00003532
00001998
00003067
00002248
00001851
0000961
0000085
00001161
0000553
00001332
00003279
00001275
00001880
00004230
00001881
00003817
00004400
00002612
00002737
00002397
00003242
00001797
00003708
00001368
00002150
0000267
0000662
0000439
0000059
00002089
00001235
00001105
00003616
00002050
00003373
0000809
00001376
00001051
00002514
0000993
00002451
0000949
0000495
0000305
00002000
00003143
0000374
00001417
00001921
00003403
00002794
00004284
0000046
0000794
00003501
00003656
00001526
00002547
00003199
00003987
00004167
0000320
0000375
00004283
00002896
0000795
00001069
0000823
00001532
00003816
0000279
00001777
0000169
00001691
00001739
00003611
00002102
00002585
00002292
00003913
00003471
00002765
00002830
0000003
00003391
00003641
00003910
0000365
00002530
00004103
00001346
00002401
00004323
00001418
00002919
0000620
00004102
00002843
00003020
00001133
00002878
00004324
00004022
00002702
00003061
00003118
00002643
0000208
00003748
00004296
0000827
00001875
00001845
00001620
0000971
00003303
00003933
00001897
00001165
00003214
0000285
0000017
00004486
0000679
00003593
00001169
0000400
0000962
00002097
00003047
0000231
00001127
00001963
00001365
00002688
00001828
00001802
00003046
00001943
0000196
00002421
00003154
00001468
0000371
00003830
00002993
00001084
00001170
00004270
00003200
00002815
0000959
00004129
00003803
00003626
0000050
00001410
0000804
00001905
00003227
0000445
00002481
00003081
00003919
00001981
00002127
00001227
00002677
00003568
0000009
00002968
00004256
00001502
00001734
00002286
0000538
00003570
00001666
0000694
00003307
0000489
00002453
00004476
00001265
00001528
00004111
00003282
00003636
00002203
00001567
00001558
0000152
00004025
00002863
00002667
00002805
00004232
00001986
00002396
00001135
0000442
00004150
00004149
0000726
0000150
00002904
00003973
0000526
00001002
00003551
00001490
00002003
00003466
0000229
00002714
00001706
00002320
0000492
00002803
0000981
00003432
00001520
00001416
00004480
00003500
00001873
00003931
00001979
00002991
0000820
0000557
00003461
00001261
00001399
00003433
00002997
00002611
00003786
0000467
00003288
00002213
00002154
00003828
00001992
00003907
00004278
00002206
00002430
00002789
00002280
00002548
00001099
00002126
0000397
00001643
00001115
00003653
00004474
00002760
0000744
0000117
0000807
0000380
00003796
00001781
00003837
00002441
00003356
00001825
00001180
00003091
0000575
00003962
00003718
00003982
0000110
00004161
00001202
0000658
00001281
00003594
00004037
00003788
00002442
00001564
00002427
00001310
00002200
00001646
00003767
0000647
00001686
00001859
0000116
0000610
00002209
0000585
00002051
00001432
00002391
00002256
00003273
00004502
00004294
00001756
00001317
0000459
00004319
00001188
00003668
00004212
0000388
0000434
00001508
00001531
00002083
00002368
00001516
00002227
00002342
0000064
00004108
00004104
00002341
00001476
0000980
00004491
00004331
00003112
00003661
00004488
0000409
00004426
00001521
0000593
0000985
00002694
00003996
00002433
00004107
00002721
0000634
00003979
0000342
00004069
00004240
00002964
0000153
00002924
00002898
00001976
0000227
00004346
00004490
00004174
00002607
0000923
00004237
00003016
00001089
00004259
0000810
00003675
00001742
00002592
00004260
00003239
00002712
00001120
00001394
00003130
00001731
00001147
00003769
0000587
00001755
00001973
00003167
0000836
00002295
00004073
00002771
00002693
00001293
00001727
00001764
00001058
00001149
00003699
00004263
0000230
0000294
00001224
00004202
00002913
00002251
00003033
00002281
00002725
00002824
00001017
00001668
00004389
00001898
00002911
00004158
00003180
00003994
0000691
00002484
00001494
00001082
0000672
00003809
00003728
00004020
0000846
00002642
00001344
00003357
00002954
00001603
00001874
0000796
00004471
00004453
00001240
00001746
00003749
00001626
00002444
00004343
0000728
00002671
00004292
00003422
00001001
00002283
00002252
0000226
00004415
0000542
00002852
00001019
00001888
00002747
0000761
0000187
00003056
0000790
0000234
00003000
00003932
00001038
00003480
00004419
0000190
0000767
00004404
00001511
0000028
00001245
0000429
00003421
00001451
00001750
00001923
00001534
00001231
0000547
00001818
00003705
0000951
00001507
0000608
00002826
00002284
00003871
00002583
0000140
00001949
00002092
00002198
00002340
00002267
00001341
00003953
00004361
00001837
00004452
00002353
0000440
00001025
00003526
00002074
0000970
00001695
00001348
00004136
00004151
00003147
0000391
00003382
00002699
0000241
00002496
00002440
00002809
00001587
00002124
00002001
00003272
0000629
00002608
00001254
00003507
00001121
00003241
0000577
00002434
00002798
0000997
0000041
00004275
00003795
00003007
00003765
00002305
0000286
00002647
00001462
00004362
00002215
0000163
00003153
0000358
00003900
0000866
0000249
00004189
00003696
00001370
00001901
00002225
00002795
00003483
00002343
00003536
00002858
00001605
00004315
00001247
00002219
00003774
00002166
0000071
00001267
00004116
00004412
00001858
00001139
00002808
00001150
00002036
00002354
00003454
0000272
00003297
0000404
00002063
00003326
00002695
00002405
00001895
00001425
00003419
00003991
00002884
00004185
00001357
0000112
0000715
0000221
00003812
00002829
00004249
00001663
0000048
00004194
0000220
00003413
00001322
00001659
00003512
00004386
00003024
00002265
00002758
0000722
0000240
00003021
00003561
00003629
00002668
0000081
00004465
00001942
00003681
00002107
00003970
00001212
00002299
0000551
0000082
0000671
0000386
00003292
00002519
00003138
00001400
00004277
00004071
0000308
00003908
00002757
00002686
00004170
0000773
00003236
00001832
0000106
00002335
0000192
00002658
00002887
00004213
00003448
00001080
00003678
00002958
00001661
00002296
00001195
00004468
00002529
0000475
00004119
00004003
00003281
00004239
00001956
00002449
00003649
00001162
00002116
0000978
00003559
00004164
0000931
00004382
00001389
0000998
00004126
00004029
0000792
00003618
00003131
00002755
00001164
0000201
00002183
00001219
0000119
00003115
00003101
00002681
0000592
00002129
00004046
00003252
00002241
0000422
00001445
00001841
00003202
00004114
00002742
0000183
00002574
00001965
00002141
00001126
00004049
00003172
00002941
00003737
00001004
00001621
00003142
00002098
0000283
00003058
00003974
00001816
00002823
0000845
00001892
00004177
0000276
00002927
00002479
00002023
00004221
00002662
0000543
0000178
00001920
00001043
00004093
00003948
00003569
00002984
0000935
00002263
00001424
00001836
00003284
00001712
0000186
00002078
00001738
00004392
0000751
00001591
00001596
00003986
0000100
00001569
0000615
00001319
00003389
00002653
00003868
00001313
00003654
0000368
00001036
00003864
0000876
00002722
00003208
0000293
00004369
00004197
00004495
00002175
00004133
00004351
00001670
00002395
00001576
00003405
00004080
0000906
00003188
00001983
0000897
0000175
0000527
0000817
00002095
00001827
00003001
00003266
00003866
00004289
00001693
00004383
0000363
00002985
00003614
0000733
00003443
00001801
00002907
00003604
00001379
00004447
00001067
00003486
00001475
00004360
00002697
00003992
0000058
0000403
00003102
00001682
0000824
00002415
00003158
00004079
0000539
0000039
00002366
00003387
00002812
00001068
00003504
00003956
00002114
0000310
0000083
00002047
00003327
0000745
00003955
00002300
00004501
0000453
0000562
00003878
00001473
00001429
00004288
00001989
00001625
00003178
00002864
00002418
0000345
00003813
00003942
0000833
0000503
00001925
00001610
00002002
00003697
0000065
00001575
00001741
00001848
0000784
0000774
00004309
00003257
00003366
0000382
0000584
00002973
00002776
0000379
00001208
00003972
00003195
0000484
0000235
00004375
0000215
0000005
00002459
00003274
00004243
00003644
00004090
0000855
0000225
0000638
00001296
00004379
00001878
00003753
00003396
00002617
00001435
00001333
00004402
00002886
00002682
0000269
0000799
0000037
00003134
00003457
00001279
00003176
00003499
00003258
00002819
00002100
00002211
00002533
00001959
00001142
00002128
00002785
00003008
00001913
00001010
0000576
00004330
00001530
0000734
00003835
00004059
00003516
00003476
0000437
0000677
00003779
00003093
00002486
00004088
00003364
00001945
00003340
00001307
00004184
00004394
00003420
00002505
00001088
00003453
00003659
00003073
00001899
0000628
00002358
00003079
00004178
0000736
00002044
00002173
00003103
00003116
00002657
00002674
00001360
00002857
00001160
0000352
0000502
00002180
00002059
00001078
0000054
00004316
00003380
00002632
0000697
00002016
00002553
00003317
00002195
00003339
00003029
00004276
00001489
00004210
00001414
00002266
00003856
00004131
00001855
00003633
00004061
00003660
00003831
00001046
0000427
00003669
00004035
0000942
00001085
00004413
0000418
0000479
00004441
00003939
00001483
00001238
00001015
00003224
0000651
00002900
00001548
00002748
0000491
00003689
00002171
00001641
0000461
00004047
00003911
00003867
00004385
00002631
00002168
00003859
00002976
0000423
00003003
00001223
00001982
0000170
00002650
00002250
00003027
00003452
00002593
00002105
00002490
00004231
0000026
0000690
00003783
00001056
0000348
00002784
0000826
00001091
00004396
00001182
00002030
00004321
00003977
00002640
00003302
00004034
00001273
0000684
0000531
00002443
0000109
00003508
00001342
00004446
0000776
0000657
00004357
00001660
00002853
0000623
0000990
0000105
0000800
0000604
00002503
00003315
00002730
00001117
00002337
00003179
00001657
00002847
00001448
00002838
00001574
0000443
00001926
00003744
00004187
0000188
00001957
00003635
0000819
00003328
00001911
00004007
00003306
00002467
00004030
00003872
0000144
0000488
0000436
00004254
00001233
00004247
00001551
00002393
0000155
00001361
00002619
00004154
00003598
00002914
00001632
00001787
00003627
00002507
00002582
00002821
00004023
00001050
0000695
0000264
00002249
0000274
00004265
00002504
00002204
0000890
00001665
00003886
0000802
00004432
00004127
00001059
00003606
00001174
00004166
00001288
00004006
00001467
0000095
00003462
0000312
00002603
0000872
0000907
00002367
0000389
00002570
00001302
0000556
00004466
0000550
00001217
00004322
00002946
00002048
00003201
00004477
00003072
0000133
00001026
0000242
00002568
00003043
00001568
00004416
00001077
00003312
00001821
00003216
00003378
00001472
00003891
00003492
00002628
00003011
0000364
00003519
00003304
00001830
00002411
00002177
00001141
00003015
00003183
00003679
00002520
0000858
0000029
0000466
00001331
0000115
0000536
00001453
00002710
00001093
00001134
00002012
00004378
0000433
0000232
0000632
00001811
00003802
0000383
0000770
00001206
00003074
00002146
00002766
00004317
0000737
00002488
00001362
0000180
00002035
0000372
00003336
00002979
00002868
00003383
00002264
00004406
00001793
00002555
0000829
00001796
00004299
00003424
0000045
00002983
00003686
0000446
00001681
