     0/149      6.9G      4.36      14.4      35.3        54        12       768         0         0   0.00182         0      3.84      9.72      32.9
     1/149     6.91G       3.4      8.08      30.7      42.2        12       768     0.032    0.0021    0.0092   0.00326       4.7       7.7      29.3
     2/149     6.92G      3.82      6.17      26.4      36.4        12       768    0.0897   0.00754    0.0295     0.011      4.18      6.28      27.9
     3/149     6.92G      3.75      5.52      21.5      30.8        12       768     0.163    0.0501    0.0893    0.0642      3.35      6.95      22.3
     4/149     6.92G      3.78      5.27        17        26        12       768     0.132     0.078    0.0774    0.0707      4.19      5.75      19.9
     5/149     6.92G      3.85      5.06      13.4      22.3        12       768     0.228     0.232     0.184     0.181      3.71      5.91        15
     6/149     6.92G      3.84      4.83      10.5      19.1        12       768     0.255     0.355     0.277     0.244      3.33      5.69      12.7
     7/149     6.92G      3.79      4.59      8.11      16.5        12       768     0.275     0.518     0.377     0.313      3.24      5.45        10
     8/149     6.92G      3.82      4.37      6.32      14.5        12       768     0.197     0.472     0.273     0.247      4.05      5.12      9.27
     9/149     6.92G      3.82       4.2      5.05      13.1        12       768     0.317     0.545     0.423     0.363      3.23      5.76         8
    10/149     6.92G      3.65      4.09      4.06      11.8        12       768     0.319     0.593     0.451     0.389       3.1      5.58      7.78
    11/149     6.92G      3.45         4      3.36      10.8        12       768      0.37     0.652     0.541      0.45      2.87      5.78      7.19
    12/149     6.92G       3.3      3.88      2.77      9.95        12       768     0.282     0.615     0.414     0.369      3.31      5.43      6.65
    13/149     6.92G      3.33      3.76      2.32      9.41        12       768     0.331     0.674     0.508     0.426      2.96      5.69      6.56
    14/149     6.92G      3.14      3.66      2.04      8.84        12       768     0.417      0.69     0.617     0.503      2.63      6.08      6.94
    15/149     6.92G      3.04      3.52      1.71      8.27        12       768     0.495     0.717     0.671     0.565      2.49      6.02       6.2
    16/149     6.92G      2.92      3.42      1.46      7.79        12       768     0.278     0.693     0.431     0.381      3.45       5.5      5.74
    17/149     6.92G      2.99      3.28      1.29      7.56        12       768     0.402     0.743     0.624     0.503      2.52      6.14      5.66
    18/149     6.92G      2.79      3.17      1.14       7.1        12       768     0.496     0.728      0.68     0.574       2.4      6.36      5.74
    19/149     6.92G      2.66      3.05      1.02      6.73        12       768     0.493     0.767      0.69     0.576      2.26      6.05      5.96
    20/149     6.92G      2.63      2.99     0.932      6.55        12       768     0.369     0.766     0.594     0.485      2.75      5.86       5.7
    21/149     6.92G      2.72      2.91     0.841      6.47        12       768     0.452      0.76     0.665     0.554      2.41       6.2      5.52
    22/149     6.92G      2.55      2.81      0.81      6.17        12       768     0.587     0.766     0.747     0.648      2.12      6.23       5.6
    23/149     6.92G      2.44      2.74     0.756      5.93        12       768     0.554       0.8     0.756     0.639       2.1      5.94      5.42
    24/149     6.92G      2.41      2.71     0.713      5.83        12       768       0.5     0.768     0.695     0.588      2.42      6.12      5.56
    25/149     6.92G      2.45      2.66     0.674      5.79        12       768     0.554     0.799     0.761     0.641      2.19      6.32       5.2
    26/149     6.92G      2.32       2.6     0.609      5.53        12       768     0.607     0.827     0.793      0.69      1.94      6.15      5.14
    27/149     6.92G      2.29      2.58       0.6      5.46        12       768     0.604     0.789     0.751     0.669      1.96      6.08       5.6
    28/149     6.92G      2.23      2.51     0.568      5.31        12       768     0.503     0.782     0.691       0.6      2.37      6.31      5.44
    29/149     6.92G      2.28      2.51     0.566      5.35        12       768     0.564     0.776     0.733     0.639      2.18      6.47      5.37
    30/149     6.92G      2.17      2.47     0.543      5.18        12       768     0.586     0.779     0.752     0.653      1.97      6.46      5.48
    31/149     6.92G      2.08      2.39     0.521         5        12       768     0.641       0.8     0.797     0.699       1.9      6.52       5.4
    32/149     6.92G      2.05      2.36     0.512      4.93        12       768     0.536     0.773     0.694     0.609      2.37      6.26      5.64
    33/149     6.92G      2.13      2.37     0.495         5        12       768     0.583     0.786     0.757     0.653      2.09      6.76      5.72
    34/149     6.92G      2.05      2.32     0.491      4.86        12       768     0.649     0.784     0.786     0.698      1.86      6.73      5.65
    35/149     6.92G      1.96       2.3     0.471      4.73        12       768     0.657     0.807     0.794     0.711      1.82       6.5      5.44
    36/149     6.92G      1.96      2.27     0.451      4.68        12       768     0.613     0.784     0.746     0.672      2.16      6.57      5.56
    37/149     6.92G      2.04      2.28      0.43      4.75        12       768     0.616     0.791     0.766     0.678         2      6.72      5.64
    38/149     6.92G      2.03      2.29      0.44      4.77        12       768     0.656     0.805     0.791     0.709       1.9      6.65      5.72
    39/149     6.92G      1.89       2.2     0.435      4.53        12       768     0.695     0.816     0.812      0.74       1.8      6.55       5.3
    40/149     6.92G      1.93      2.23     0.428      4.59        12       768     0.572     0.797     0.748     0.654      2.09      6.42      5.21
    41/149     6.92G      1.89      2.21     0.414      4.52        12       768     0.673     0.823     0.806     0.726      1.85      6.64      5.21
    42/149     6.92G      1.82      2.17     0.409       4.4        12       768     0.668     0.791     0.795     0.713      1.79      6.53      5.48
    43/149     6.92G      1.78      2.13     0.403      4.32        12       768     0.657     0.805     0.802     0.711      1.76      6.53      5.18
    44/149     6.92G      1.73       2.1     0.403      4.24        12       768     0.661     0.817     0.808     0.718      1.86       6.6      5.25
    45/149     6.92G      1.79      2.12     0.395       4.3        12       768     0.672     0.815     0.812     0.724      1.84      6.67      5.13
    46/149     6.92G      1.72      2.07     0.389      4.18        12       768     0.683     0.814     0.816     0.732      1.74      6.48       5.2
    47/149     6.92G      1.67      2.04     0.383      4.09        12       768     0.701     0.818     0.818      0.74      1.71      6.67      5.33
    48/149     6.92G      1.73      2.07     0.381      4.18        12       768     0.637     0.799      0.79     0.695      1.86      6.54      5.45
    49/149     6.92G      1.76      2.07     0.365       4.2        12       768     0.686     0.795     0.812     0.723       1.8      6.59      5.45
    50/149     6.92G       1.7      2.05     0.363      4.12        12       768      0.69     0.802     0.811     0.728      1.72      6.66      5.51
    51/149     6.92G      1.65      2.02     0.369      4.04        12       768     0.721     0.806     0.822     0.747      1.67      6.77      5.47
    52/149     6.92G      1.67      2.02     0.361      4.05        12       768     0.699     0.808     0.818     0.738      1.78       6.6       5.3
    53/149     6.92G       1.7      2.03     0.349      4.07        12       768     0.705     0.795     0.808     0.737      1.74      6.74      5.48
    54/149     6.92G      1.63      1.99      0.35      3.98        12       768     0.711     0.796     0.814     0.739       1.7      6.76      5.51
    55/149     6.92G      1.57      1.96     0.339      3.87        12       768      0.72      0.79     0.815     0.742      1.67      6.78      5.44
    56/149     6.92G      1.53      1.93     0.342       3.8        12       768     0.693     0.798     0.812     0.731      1.79       6.7      5.41
    57/149     6.92G      1.56      1.94     0.326      3.82        12       768     0.708     0.804     0.814      0.74      1.71      6.78      5.35
    58/149     6.92G      1.56      1.95     0.326      3.83        12       768     0.723     0.791      0.82     0.745      1.66      6.98       5.4
    59/149     6.92G      1.53      1.93     0.322      3.77        12       768     0.713     0.809     0.823     0.746      1.67      6.67      5.35
    60/149     6.92G       1.5       1.9     0.323      3.72        12       768     0.714     0.818     0.826     0.751      1.71      6.64      5.19
    61/149     6.92G      1.53       1.9     0.317      3.75        12       768     0.725     0.799     0.819     0.749      1.67      6.76      5.37
    62/149     6.92G      1.48      1.88     0.314      3.68        12       768     0.737     0.807     0.826     0.759      1.61      6.88      5.33
    63/149     6.92G      1.45      1.86     0.312      3.62        12       768     0.735     0.813     0.831     0.761       1.6      6.84      5.34
    64/149     6.92G      1.43      1.84     0.304      3.58        12       768     0.724     0.802     0.818     0.748      1.63      6.86      5.31
    65/149     6.92G       1.5      1.88     0.292      3.67        12       768     0.725     0.797     0.815     0.746      1.66      6.77      5.44
    66/149     6.92G      1.37       1.8     0.299      3.47        12       768     0.733     0.808     0.825     0.757      1.61      6.77       5.3
    67/149     6.92G      1.37      1.78     0.293      3.44        12       768     0.745     0.801     0.826     0.761      1.59      6.92      5.41
    68/149     6.92G      1.35      1.79     0.289      3.43        12       768     0.717     0.796     0.815     0.743      1.61      6.95      5.32
    69/149     6.92G      1.39      1.82     0.277      3.48        12       768      0.72     0.807     0.818     0.747       1.6      6.84      5.45
    70/149     6.92G      1.36      1.79     0.282      3.43        12       768     0.748       0.8     0.827     0.761      1.59      6.92      5.41
    71/149     6.92G       1.3      1.74     0.273       3.3        12       768      0.73     0.805     0.826     0.755      1.55      6.89       5.3
    72/149     6.92G      1.35      1.76     0.273      3.38        12       768     0.733     0.802     0.815     0.752       1.6      6.95      5.46
    73/149     6.92G      1.37      1.78      0.27      3.42        12       768     0.727     0.816     0.832     0.758       1.6      6.82      5.37
    74/149     6.92G      1.31      1.74     0.265      3.32        12       768     0.725     0.806     0.824     0.753      1.56      6.99      5.43
    75/149     6.92G      1.27      1.71     0.266      3.25        12       768     0.738       0.8     0.825     0.757      1.55      7.01      5.45
    76/149     6.92G      1.32      1.75     0.265      3.33        12       768     0.742     0.804     0.829     0.761      1.59      6.95      5.37
    77/149     6.92G      1.31      1.72     0.255      3.29        12       768     0.729     0.813      0.83     0.758      1.53      6.97      5.48
    78/149     6.92G      1.26      1.68     0.252       3.2        12       768     0.752     0.817     0.838     0.772      1.54      6.94      5.39
    79/149     6.92G      1.21      1.65     0.248      3.11        12       768     0.741     0.806     0.829     0.762      1.52      7.01      5.36
    80/149     6.92G      1.22      1.68     0.249      3.15        12       768     0.733     0.807     0.826     0.759      1.52      7.01      5.36
    81/149     6.92G      1.22      1.64     0.238      3.09        12       768     0.758     0.804     0.835      0.77      1.56      7.05       5.4
    82/149     6.92G      1.17      1.63      0.24      3.05        12       768     0.745     0.809     0.828     0.766      1.51         7      5.32
    83/149     6.92G      1.15      1.61     0.235      2.99        12       768     0.755     0.809      0.83      0.77      1.51      7.08       5.3
    84/149     6.92G      1.18      1.62     0.233      3.03        12       768      0.75     0.804     0.824     0.766      1.52      7.13      5.24
    85/149     6.92G      1.17      1.61     0.227         3        12       768     0.744     0.799     0.827     0.759      1.53      7.12      5.38
    86/149     6.92G      1.13      1.56     0.227      2.92        12       768     0.751     0.806     0.831     0.768       1.5      7.16      5.31
    87/149     6.92G       1.1      1.57     0.222      2.89        12       768     0.748     0.799     0.822     0.763      1.52      7.07      5.34
    88/149     6.92G      1.11      1.57     0.221       2.9        12       768     0.748     0.807     0.828     0.766      1.52      7.12      5.28
    89/149     6.92G      1.13      1.57     0.214      2.92        12       768     0.747     0.798     0.827     0.761       1.5      7.15      5.32
    90/149     6.92G      1.08      1.53      0.21      2.82        12       768     0.748     0.799     0.825     0.762       1.5      7.09      5.34
    91/149     6.92G      1.06      1.53     0.206      2.79        12       768     0.758     0.805     0.832     0.771      1.49       7.2      5.26
    92/149     6.92G      1.06      1.52     0.208      2.79        12       768      0.75     0.795     0.826     0.762      1.48      7.32      5.33
    93/149     6.92G      1.07      1.51     0.205      2.79        12       768      0.75     0.795     0.824     0.762      1.49      7.21      5.41
    94/149     6.92G      1.01      1.48     0.198      2.69        12       768     0.758      0.81     0.836     0.774      1.46      7.24      5.33
    95/149     6.92G      0.98      1.47     0.193      2.65        12       768     0.751     0.803     0.833     0.767      1.45      7.18      5.36
    96/149     6.92G         1      1.48     0.193      2.68        12       768     0.763     0.806     0.836     0.775      1.48      7.28       5.3
    97/149     6.92G         1      1.49     0.187      2.68        12       768      0.75     0.797     0.834     0.764      1.47      7.26      5.39
    98/149     6.92G     0.974      1.45     0.185      2.61        12       768     0.757     0.803     0.834     0.771      1.46      7.25      5.39
    99/149     6.92G     0.946      1.46     0.179      2.58        12       768     0.757       0.8     0.834      0.77      1.47       7.3      5.45
   100/149     6.92G     0.958      1.45     0.179      2.59        12       768     0.754     0.802     0.832     0.768      1.47      7.36      5.41
   101/149     6.92G     0.956      1.45     0.173      2.58        12       768     0.752     0.805     0.834     0.768      1.47      7.35      5.49
   102/149     6.92G     0.931      1.42     0.169      2.52        12       768     0.763     0.809     0.835     0.776      1.45      7.39      5.52
   103/149     6.92G     0.905      1.42     0.165      2.49        12       768     0.756     0.802     0.835     0.768      1.45      7.35      5.54
   104/149     6.92G     0.937      1.44     0.165      2.54        12       768     0.754     0.806     0.835      0.77      1.44      7.33      5.47
   105/149     6.92G     0.911      1.41     0.159      2.48        12       768     0.762       0.8     0.832     0.771      1.44       7.4      5.54
   106/149     6.92G     0.912      1.42     0.154      2.48        12       768     0.771     0.821     0.842     0.786      1.44      7.35      5.52
   107/149     6.92G     0.864      1.37     0.153      2.38        12       768     0.758     0.808     0.834     0.773      1.44      7.34      5.55
   108/149     6.92G     0.838      1.33      0.15      2.32        12       768     0.765     0.817     0.841     0.781      1.44      7.36      5.52
   109/149     6.92G     0.848      1.32     0.151      2.32        12       768     0.766     0.813     0.839      0.78      1.44      7.41       5.6
   110/149     6.92G     0.806      1.29     0.147      2.24        12       768     0.771     0.809     0.835      0.78      1.44      7.43      5.66
   111/149     6.92G     0.783      1.26     0.147      2.19        12       768     0.769     0.817     0.841     0.784      1.43      7.44      5.58
   112/149     6.92G     0.774      1.24     0.144      2.16        12       768     0.765     0.809     0.834     0.778      1.43      7.44      5.61
   113/149     6.92G     0.757      1.24     0.143      2.14        12       768     0.768     0.812     0.837     0.781      1.42      7.48      5.59
   114/149     6.92G     0.742       1.2      0.14      2.09        12       768     0.768     0.815     0.838     0.782      1.42      7.46      5.55
   115/149     6.92G     0.727      1.19     0.138      2.06        12       768     0.771     0.814     0.837     0.783      1.42      7.49       5.6
   116/149     6.92G     0.726      1.19     0.136      2.05        12       768     0.768     0.813     0.837     0.781      1.42      7.52      5.55
   117/149     6.92G      0.71      1.16     0.133      2.01        12       768     0.765     0.808     0.834     0.777      1.42      7.51      5.56
   118/149     6.92G      0.69      1.16      0.13      1.98        12       768     0.766     0.808     0.834     0.777      1.43      7.54      5.59
   119/149     6.92G     0.651      1.12     0.126       1.9        12       768     0.766     0.814     0.839     0.781      1.42      7.52      5.56
   120/149     6.92G     0.669      1.14     0.124      1.93        12       768     0.764     0.809     0.836     0.777      1.42      7.55      5.54
   121/149     6.92G      0.65      1.12     0.122      1.89        12       768     0.761     0.808     0.836     0.775      1.42      7.53      5.56
   122/149     6.92G     0.635      1.12     0.119      1.88        12       768     0.761     0.812     0.837     0.777      1.42      7.56      5.56
   123/149     6.92G     0.608      1.08     0.116      1.81        12       768     0.759      0.81     0.836     0.775      1.41       7.6      5.55
   124/149     6.92G     0.611      1.08     0.114       1.8        12       768     0.759     0.805     0.835     0.772      1.41      7.61      5.57
   125/149     6.92G     0.597      1.07     0.112      1.78        12       768     0.759     0.808     0.837     0.774      1.41      7.62      5.57
   126/149     6.92G     0.581      1.07     0.111      1.76        12       768     0.759     0.811     0.837     0.775      1.41       7.6      5.57
   127/149     6.92G      0.57      1.04     0.108      1.71        12       768      0.76     0.807     0.836     0.774      1.41      7.63      5.61
   128/149     6.92G     0.556      1.01     0.107      1.68        12       768      0.76     0.806     0.837     0.774      1.41      7.66      5.61
   129/149     6.92G     0.561      1.02     0.105      1.68        12       768     0.761     0.802     0.836     0.773      1.42      7.66      5.64
   130/149     6.92G     0.532      0.99     0.103      1.63        12       768     0.762     0.802     0.836     0.773      1.42      7.68      5.68
   131/149     6.92G     0.528         1     0.102      1.63        12       768     0.767     0.805     0.835     0.777      1.42       7.7      5.68
   132/149     6.92G      0.52     0.973     0.101      1.59        12       768     0.773     0.806     0.835      0.78      1.42      7.71      5.68
   133/149     6.92G     0.519     0.974    0.0994      1.59        12       768     0.771     0.805     0.836     0.779      1.42      7.73      5.69
   134/149     6.92G     0.501     0.957    0.0982      1.56        12       768     0.772     0.808     0.838     0.781      1.42      7.74      5.71
   135/149     6.92G      0.49     0.945    0.0965      1.53        12       768     0.767     0.804     0.836     0.777      1.42      7.75      5.71
   136/149     6.92G     0.489     0.954    0.0956      1.54        12       768      0.77     0.806     0.838     0.779      1.42      7.77       5.7
   137/149     6.92G     0.489     0.954    0.0946      1.54        12       768     0.769     0.804     0.838     0.778      1.42      7.78      5.71
   138/149     6.92G     0.484     0.936    0.0937      1.51        12       768     0.769     0.805     0.839     0.778      1.42      7.79      5.73
   139/149     6.92G      0.48     0.933    0.0929      1.51        12       768     0.767     0.803     0.838     0.776      1.42       7.8      5.73
   140/149     6.92G     0.482     0.938    0.0925      1.51        12       768     0.767     0.804     0.838     0.777      1.42      7.81      5.73
   141/149     6.92G     0.479     0.933    0.0918       1.5        12       768     0.766     0.803     0.836     0.776      1.42      7.81      5.74
   142/149     6.92G     0.461     0.916    0.0908      1.47        12       768     0.766     0.803     0.836     0.775      1.42      7.82      5.76
   143/149     6.92G     0.471     0.934    0.0904       1.5        12       768     0.774     0.812     0.841     0.784      1.42      7.82      5.75
   144/149     6.92G     0.458     0.913    0.0894      1.46        12       768     0.772     0.812     0.839     0.783      1.42      7.82      5.75
   145/149     6.92G     0.461     0.897    0.0893      1.45        12       768     0.775     0.813     0.842     0.785      1.42      7.82      5.75
   146/149     6.92G     0.443     0.879    0.0884      1.41        12       768     0.774     0.814     0.842     0.785      1.42      7.83      5.76
   147/149     7.14G     0.437     0.875     0.088       1.4        12       768     0.765     0.804     0.836     0.775      1.42      7.84      5.77
   148/149     7.14G      0.44     0.877    0.0876       1.4        12       768     0.766     0.807     0.839     0.777      1.42      7.85      5.77
   149/149     7.14G     0.434     0.873     0.087      1.39        12       768     0.766     0.806     0.838     0.777      1.42      7.86      5.78
