     0/109     7.34G      4.29      12.6      33.9      50.8        12       768    0.0152  0.000502     0.003  0.000968      3.72      9.15      30.3
     1/109     7.36G      3.66      7.64      27.5      38.8        12       768    0.0401   0.00247   0.00619   0.00401      5.06      7.93      26.4
     2/109     7.36G      4.43      6.05      22.3      32.8        12       768      0.11   0.00926    0.0323    0.0153      4.04      6.57      22.7
     3/109     7.36G      4.44      5.19      17.6      27.3        12       768     0.162     0.098    0.0978    0.0868      3.39      6.19        17
     4/109     7.36G      4.28      4.96      13.4      22.6        12       768    0.0866     0.133    0.0814    0.0809      4.57      5.52      15.6
     5/109     7.36G      4.27      4.64      10.1        19        12       768     0.196     0.257     0.181     0.173      3.66      5.58      11.9
     6/109     7.36G      4.12      4.47      7.62      16.2        12       768     0.196     0.383     0.235     0.222      3.34      5.52      9.74
     7/109     7.36G      3.98      4.28      5.85      14.1        12       768     0.196     0.479     0.306     0.254      3.18       5.4      8.12
     8/109     7.36G      3.87      4.13      4.54      12.5        12       768     0.165     0.468     0.242     0.226      3.78       5.3      7.64
     9/109     7.36G      3.71         4      3.63      11.3        12       768     0.216     0.527     0.345     0.284      3.24      5.55      7.66
    10/109     7.36G      3.58      3.88      3.01      10.5        12       768     0.247     0.588     0.421     0.334      2.86      5.72      6.43
    11/109     7.36G      3.38      3.75      2.45      9.58        12       768     0.268     0.623     0.451      0.36      2.71       5.7      6.12
    12/109     7.36G      3.29      3.61      2.11      9.01        12       768      0.22     0.647      0.42     0.321      3.48      5.31      5.79
    13/109     7.36G       3.2      3.48      1.75      8.42        12       768      0.27     0.654     0.489     0.374       2.9      5.88      5.81
    14/109     7.36G      3.05      3.38      1.54      7.96        12       768     0.307     0.654     0.513     0.405      2.63      5.79      5.69
    15/109     7.36G      2.96      3.26       1.3      7.52        12       768      0.35     0.662     0.547     0.446       2.5      5.92      5.71
    16/109     7.36G      2.89      3.15      1.13      7.17        12       768       0.3     0.659      0.48     0.399      2.87       5.7      5.41
    17/109     7.36G      2.81      3.04         1      6.84        12       768     0.358     0.656      0.55     0.452      2.59      6.02      5.14
    18/109     7.36G      2.71      2.93     0.897      6.54        12       768     0.346     0.676     0.563     0.448      2.39      6.12      5.15
    19/109     7.36G      2.66      2.85     0.843      6.35        12       768     0.398     0.685     0.584     0.492      2.23      6.18      5.16
    20/109     7.36G      2.57      2.77     0.737      6.08        12       768       0.3     0.675      0.49     0.406      2.63      5.93      4.83
    21/109     7.36G      2.57      2.71     0.689      5.96        12       768     0.386     0.689     0.569     0.487       2.4      6.13      5.16
    22/109     7.36G      2.44      2.63      0.65      5.72        12       768     0.428     0.682     0.593     0.511      2.17      6.32      5.16
    23/109     7.36G      2.37      2.55     0.605      5.53        12       768     0.433     0.697     0.623     0.522      2.13      6.23      5.06
    24/109     7.36G      2.37       2.5     0.595      5.47        12       768     0.401      0.69     0.578     0.495       2.4      6.18      5.01
    25/109     7.36G      2.32      2.48     0.572      5.38        12       768     0.443     0.706     0.615     0.529      2.13      6.37      4.97
    26/109     7.36G      2.19      2.37     0.532      5.09        12       768     0.474     0.683     0.619     0.546      2.05      6.73      4.98
    27/109     7.36G      2.17      2.36     0.511      5.05        12       768     0.482       0.7     0.636     0.555      2.01      6.51      5.08
    28/109     7.36G      2.17      2.34     0.504      5.02        12       768     0.456     0.683     0.604     0.536      2.39      6.34      5.01
    29/109     7.36G      2.19      2.33     0.481         5        12       768      0.47     0.688     0.612     0.547      2.18      6.49      4.81
    30/109     7.36G      2.07      2.28     0.461      4.81        12       768     0.496     0.716     0.647     0.576      1.99      6.55      4.81
    31/109     7.36G      2.05      2.24     0.444      4.73        12       768     0.514     0.734     0.673     0.594       1.9      6.35       4.7
    32/109     7.36G      2.04      2.23     0.442      4.71        12       768     0.437      0.72      0.62     0.535      2.26      6.39      4.66
    33/109     7.36G      1.97       2.2     0.425       4.6        12       768     0.472     0.731     0.642      0.56      1.97      6.44      4.64
    34/109     7.36G      1.94      2.16     0.422      4.52        12       768     0.508      0.72     0.659     0.583      1.89       6.4      4.73
    35/109     7.36G      1.89      2.13     0.414      4.44        12       768     0.525     0.709     0.654      0.59      1.86      6.52      4.71
    36/109     7.36G       1.9      2.14     0.406      4.45        12       768      0.47      0.72     0.622     0.557      2.08      6.54      4.65
    37/109     7.36G      1.89      2.11     0.394       4.4        12       768     0.528      0.71     0.647     0.595      1.96      6.47      4.73
    38/109     7.36G      1.82      2.07     0.386      4.28        12       768     0.548     0.709     0.654     0.605      1.87      6.76      4.76
    39/109     7.36G       1.8      2.05      0.38      4.23        12       768     0.558     0.714     0.657     0.613      1.81       6.8      4.68
    40/109     7.36G      1.79      2.06     0.368      4.21        12       768     0.508     0.715     0.636     0.579      1.91      6.54      4.65
    41/109     7.36G      1.75      2.03     0.358      4.13        12       768     0.532     0.713      0.65     0.597      1.89      6.77      4.63
    42/109     7.36G      1.69      1.98      0.35      4.03        12       768     0.543     0.716     0.667     0.606      1.81       6.8      4.65
    43/109     7.36G      1.71      1.98     0.347      4.04        12       768     0.566     0.721     0.677     0.621      1.78      6.79      4.68
    44/109     7.36G      1.68      1.97     0.344         4        12       768     0.547      0.72      0.67     0.611       1.8      6.64      4.62
    45/109     7.36G      1.69      1.98     0.333         4        12       768     0.558      0.72     0.666     0.616      1.85      6.58      4.78
    46/109     7.36G      1.64      1.92     0.335       3.9        12       768     0.566     0.725     0.665     0.624      1.72      6.81      4.69
    47/109     7.36G      1.57       1.9     0.321      3.79        12       768     0.564     0.726      0.67     0.622      1.72      6.87      4.71
    48/109     7.36G      1.59      1.92     0.314      3.82        12       768     0.548     0.724     0.664     0.613      1.87      6.66      4.67
    49/109     7.36G      1.54      1.86     0.306       3.7        12       768      0.56     0.729     0.674     0.623      1.76      6.83      4.62
    50/109     7.36G      1.49      1.84     0.302      3.63        12       768     0.557     0.731      0.67     0.621      1.71      6.86      4.67
    51/109     7.36G      1.49      1.83     0.303      3.62        12       768     0.576     0.728     0.682     0.632      1.68      6.87      4.64
    52/109     7.36G      1.47       1.8     0.296      3.57        12       768     0.559      0.72     0.668     0.617      1.81       6.8      4.72
    53/109     7.36G      1.48      1.81     0.295      3.58        12       768     0.565     0.731     0.679     0.626      1.72      6.66       4.7
    54/109     7.36G      1.44       1.8     0.291      3.53        12       768     0.582     0.722     0.666     0.633       1.7      6.93      4.69
    55/109     7.36G      1.41      1.76     0.285      3.45        12       768     0.573     0.732     0.683     0.632      1.65      6.74      4.64
    56/109     7.36G      1.42      1.77     0.277      3.47        12       768     0.557     0.732     0.673     0.621      1.71      6.77      4.64
    57/109     7.36G      1.36      1.71     0.272      3.35        12       768     0.574     0.731     0.681     0.634      1.67      6.74       4.6
    58/109     7.36G      1.31      1.68     0.266      3.25        12       768     0.582     0.726     0.671     0.635      1.66       6.8      4.61
    59/109     7.36G       1.3      1.67     0.266      3.24        12       768     0.583     0.731     0.681     0.637      1.63       6.8      4.54
    60/109     7.36G      1.29      1.66      0.26      3.21        12       768     0.586      0.73     0.682      0.64      1.71      6.79      4.56
    61/109     7.36G      1.27      1.66     0.256      3.19        12       768     0.573     0.726      0.68      0.63      1.65      6.81      4.61
    62/109     7.36G      1.26      1.62     0.251      3.12        12       768     0.583     0.718     0.677     0.632      1.62      6.96       4.6
    63/109     7.36G      1.22      1.62     0.247      3.09        12       768     0.586     0.734     0.683     0.641      1.61      6.89      4.52
    64/109     7.36G      1.22       1.6     0.242      3.06        12       768     0.582     0.722     0.671     0.633      1.66      6.97      4.58
    65/109     7.36G      1.21       1.6     0.235      3.04        12       768     0.581     0.729     0.679     0.636      1.61      6.83      4.56
    66/109     7.36G      1.15      1.54      0.23      2.92        12       768     0.591     0.732     0.681     0.643      1.61      6.89      4.61
    67/109     7.36G      1.15      1.55      0.23      2.93        12       768     0.593     0.722     0.679     0.639      1.59      6.91      4.65
    68/109     7.36G      1.14      1.54     0.223       2.9        12       768     0.586     0.721     0.675     0.635      1.61      6.97      4.59
    69/109     7.36G      1.12      1.54     0.219      2.88        12       768     0.586     0.722     0.672     0.636       1.6      6.89      4.65
    70/109     7.36G      1.07      1.47     0.213      2.75        12       768     0.594     0.721     0.676     0.639      1.58      7.07      4.64
    71/109     7.36G      1.05      1.47      0.21      2.73        12       768     0.594     0.726     0.673     0.641      1.56      7.04      4.64
    72/109     7.36G      1.05      1.48     0.207      2.74        12       768       0.6     0.727     0.677     0.645      1.59      7.07      4.67
    73/109     7.36G         1       1.4     0.201      2.61        12       768     0.594     0.716     0.678     0.637      1.59      7.07      4.74
    74/109     7.36G     0.994      1.42     0.199      2.62        12       768     0.595     0.715     0.672     0.637      1.57       7.1      4.68
    75/109     7.36G     0.941      1.36     0.192      2.49        12       768     0.596     0.722     0.677     0.641      1.55      7.22      4.73
    76/109     7.36G     0.949      1.36     0.189       2.5        12       768     0.596     0.704     0.666     0.635      1.57      7.24      4.71
    77/109     7.36G     0.935      1.36     0.187      2.49        12       768     0.591     0.719     0.671     0.638      1.57       7.2      4.74
    78/109     7.36G     0.884      1.31     0.181      2.38        12       768     0.592     0.714     0.672     0.636      1.55      7.24       4.7
    79/109     7.36G     0.863      1.28     0.177      2.32        12       768     0.602     0.725      0.68     0.648      1.55      7.22      4.66
    80/109     7.36G     0.859      1.28     0.173      2.31        12       768     0.601     0.726     0.682     0.648      1.56      7.21      4.68
    81/109     7.36G     0.835      1.24     0.168      2.24        12       768     0.601     0.722     0.677     0.646      1.55      7.31       4.7
    82/109     7.36G     0.806      1.21     0.165      2.18        12       768     0.606     0.731     0.683     0.653      1.54      7.27      4.67
    83/109     7.36G     0.805      1.22     0.162      2.18        12       768     0.601      0.73      0.68     0.649      1.55      7.25      4.72
    84/109     7.36G     0.769      1.18     0.157      2.11        12       768     0.602     0.726     0.676     0.647      1.54      7.33      4.71
    85/109     7.36G     0.761      1.17     0.153      2.09        12       768     0.588     0.724     0.669     0.638      1.54      7.38      4.73
    86/109     7.36G      0.72      1.13     0.149         2        12       768     0.591     0.729     0.676     0.642      1.53      7.35      4.77
    87/109     7.36G     0.719      1.13     0.146         2        12       768     0.596     0.734     0.678     0.647      1.53      7.35      4.75
    88/109     7.36G     0.696      1.11     0.142      1.94        12       768     0.598     0.736     0.681     0.649      1.53      7.35      4.77
    89/109     7.36G     0.687       1.1      0.14      1.93        12       768     0.597     0.737     0.679     0.649      1.52      7.35      4.77
    90/109     7.36G     0.658      1.06     0.136      1.86        12       768     0.589     0.723     0.672     0.639      1.52       7.4      4.78
    91/109     7.36G     0.646      1.06     0.132      1.84        12       768     0.589     0.721     0.674     0.638      1.52      7.42      4.78
    92/109     7.36G     0.634      1.04     0.129       1.8        12       768     0.591     0.725     0.675     0.642      1.52      7.37      4.76
    93/109     7.36G     0.616      1.02     0.127      1.76        12       768     0.593     0.724     0.673     0.643      1.52      7.42       4.8
    94/109     7.36G     0.598     0.994     0.124      1.72        12       768     0.589     0.723     0.674      0.64      1.52      7.43      4.78
    95/109     7.36G     0.577     0.965     0.122      1.66        12       768     0.589     0.725     0.675      0.64      1.52      7.42      4.78
    96/109     7.36G     0.571     0.952      0.12      1.64        12       768      0.59     0.723     0.675      0.64      1.52      7.42      4.75
    97/109     7.36G     0.568     0.957     0.117      1.64        12       768     0.601     0.727     0.679     0.648      1.52      7.46      4.76
    98/109     7.36G     0.562     0.947     0.116      1.62        12       768     0.605     0.727     0.677      0.65      1.52      7.49      4.77
    99/109     7.36G     0.566     0.963     0.115      1.64        12       768     0.607     0.728      0.68     0.651      1.52      7.51      4.77
   100/109     7.36G     0.563     0.955     0.114      1.63        12       768     0.607     0.729     0.681     0.652      1.51       7.5      4.77
   101/109     7.36G     0.558     0.949     0.113      1.62        12       768     0.605     0.724     0.682     0.648      1.51      7.51      4.78
   102/109     7.36G     0.547     0.942     0.111       1.6        12       768     0.606     0.726     0.681      0.65      1.51      7.55       4.8
   103/109     7.36G     0.539     0.936      0.11      1.58        12       768     0.605     0.728      0.68      0.65      1.51      7.55       4.8
   104/109     7.36G     0.536     0.933     0.109      1.58        12       768     0.605     0.727     0.681      0.65      1.51      7.55       4.8
   105/109     7.36G     0.546     0.942     0.109       1.6        12       768     0.606     0.728     0.679     0.651      1.51      7.57      4.81
   106/109     7.36G     0.523     0.914     0.108      1.55        12       768     0.607      0.73     0.682     0.653       1.5      7.55      4.81
   107/109     7.36G     0.506     0.886     0.107       1.5        12       768     0.606     0.727      0.68     0.651       1.5      7.57      4.81
   108/109     7.36G     0.494     0.872     0.106      1.47        12       768     0.606      0.73     0.682     0.653       1.5      7.57      4.81
   109/109     7.36G     0.487     0.868     0.105      1.46        12       768     0.605     0.727      0.68     0.651      1.51      7.59      4.81
