     0/109     7.37G      4.26      13.2        35      52.4        12       768    0.0303   0.00099   0.00385   0.00191      3.87      9.62      32.2
     1/109     7.39G      3.56      8.05        30      41.6        12       768    0.0208   0.00167   0.00752   0.00247      4.76      8.32      29.7
     2/109     7.39G      4.23      6.35      25.7      36.3        12       768     0.108    0.0289    0.0472    0.0307      4.51      5.93      24.8
     3/109     7.39G      4.33      5.51      20.8      30.6        12       768     0.185     0.112     0.107     0.094      3.76      6.59      20.2
     4/109     7.39G      4.24      5.25      16.1      25.6        12       768       0.1    0.0445    0.0408     0.045      4.68      7.11      22.9
     5/109     7.39G      4.31      4.94      12.3      21.6        12       768     0.232     0.262     0.193     0.175       3.8       5.8      14.4
     6/109     7.39G      4.24      4.73      9.47      18.4        12       768     0.259     0.376     0.275     0.246      3.69      5.72      10.9
     7/109     7.39G      4.08      4.61      7.42      16.1        12       768     0.264     0.551     0.383     0.305      3.35      5.63      9.35
     8/109     7.39G      3.96      4.51      6.01      14.5        12       768     0.226     0.489     0.299     0.279      3.65      5.52      9.21
     9/109     7.39G      3.88      4.32      4.78        13        12       768     0.248     0.581     0.385     0.324      3.48      5.64      8.72
    10/109     7.39G      3.72      4.22      3.93      11.9        12       768     0.255     0.643     0.441     0.348      3.02      5.85      7.45
    11/109     7.39G      3.58      4.09      3.43      11.1        12       768     0.295     0.686     0.521     0.392       2.9      5.85      7.18
    12/109     7.39G       3.5      3.96      2.81      10.3        12       768     0.232     0.639     0.419      0.32      3.41      5.54      7.08
    13/109     7.39G      3.44      3.86      2.35      9.64        12       768     0.289     0.693     0.501     0.387      3.24      5.64      6.88
    14/109     7.39G      3.28      3.71      1.99      8.97        12       768     0.325       0.7     0.546     0.415       2.8      6.04      7.16
    15/109     7.39G      3.11       3.6      1.76      8.47        12       768     0.404     0.684     0.599     0.484       2.5       6.1      6.66
    16/109     7.39G      3.11      3.46      1.55      8.12        12       768     0.331     0.692      0.56     0.432       2.7      6.09      6.72
    17/109     7.39G      3.02      3.36      1.31      7.69        12       768     0.349     0.727     0.595     0.459       2.7      6.09      5.96
    18/109     7.39G      2.88      3.24      1.17      7.29        12       768     0.415     0.757     0.671      0.52      2.56       6.3       5.7
    19/109     7.39G      2.83      3.17      1.07      7.06        12       768     0.452      0.76     0.677     0.553      2.33      6.12      5.65
    20/109     7.39G      2.72      3.04     0.929      6.69        12       768     0.339     0.762     0.584     0.453      2.62      5.97       5.4
    21/109     7.39G      2.69      2.98     0.831       6.5        12       768     0.425     0.739     0.649      0.53      2.52      6.34      5.52
    22/109     7.39G      2.62      2.85     0.748      6.22        12       768     0.444     0.772     0.709     0.551      2.36      6.06      5.17
    23/109     7.39G       2.5      2.77     0.705      5.97        12       768     0.458     0.768     0.696     0.562      2.18      6.24      5.31
    24/109     7.39G      2.48      2.69     0.691      5.86        12       768     0.438     0.784     0.678     0.546       2.4      6.02      5.23
    25/109     7.39G      2.41      2.62     0.623      5.66        12       768     0.455     0.786     0.695     0.559      2.35      6.23      5.07
    26/109     7.39G      2.32      2.55     0.591      5.46        12       768     0.504     0.759     0.729     0.593      2.22      6.49      5.27
    27/109     7.39G      2.32      2.51     0.554      5.39        12       768     0.558     0.795     0.753     0.641      2.03      6.15      5.02
    28/109     7.39G      2.28      2.47      0.53      5.29        12       768     0.437     0.771     0.648      0.54      2.66      6.26      5.36
    29/109     7.39G       2.3      2.46     0.515      5.28        12       768     0.484     0.778     0.709     0.582      2.24      6.29      5.04
    30/109     7.39G      2.22      2.41     0.503      5.13        12       768      0.56     0.777     0.754     0.643      2.12       6.7      5.07
    31/109     7.39G      2.16      2.33     0.495      4.98        12       768     0.627     0.807     0.798     0.693         2      6.39      4.93
    32/109     7.39G      2.15      2.33     0.483      4.97        12       768     0.586     0.787     0.766     0.663      2.15      6.46      5.03
    33/109     7.39G      2.09       2.3     0.449      4.85        12       768     0.544     0.787      0.75     0.631      2.11      6.39      4.99
    34/109     7.39G      2.09      2.29     0.434      4.81        12       768     0.605     0.804     0.776      0.68      1.97      6.53      4.97
    35/109     7.39G      2.02      2.23     0.428      4.67        12       768     0.648     0.817     0.797     0.714      1.96      6.37         5
    36/109     7.39G      1.95       2.2     0.418      4.57        12       768     0.579     0.808     0.759     0.663      2.08      6.61      4.89
    37/109     7.39G      2.02      2.24     0.395      4.66        12       768     0.618       0.8     0.771     0.686      2.03      6.58      4.82
    38/109     7.39G      1.97      2.19     0.401      4.56        12       768     0.637     0.796     0.792     0.698      1.91       6.7      5.11
    39/109     7.39G      1.87      2.14     0.396      4.41        12       768     0.666     0.796     0.801     0.717       1.9      6.71      4.95
    40/109     7.39G      1.86      2.13     0.393      4.39        12       768     0.575     0.799     0.748     0.655       2.1      6.71      4.92
    41/109     7.39G      1.87      2.09     0.374      4.33        12       768     0.642     0.808     0.783     0.704      1.99      6.87      5.02
    42/109     7.39G       1.8      2.07     0.377      4.24        12       768     0.671     0.792       0.8     0.716      1.87      6.74      5.04
    43/109     7.39G      1.76      2.04     0.362      4.17        12       768     0.687     0.806       0.8      0.73      1.86      6.74      5.02
    44/109     7.39G      1.77      2.04     0.365      4.18        12       768     0.646     0.794     0.783     0.701      2.02      6.71      5.01
    45/109     7.39G       1.8      2.04      0.35      4.19        12       768     0.648     0.794     0.789     0.703      1.97       6.7       5.1
    46/109     7.39G      1.72      2.01     0.354      4.09        12       768     0.695     0.812     0.814     0.741      1.84      6.66      4.98
    47/109     7.39G      1.65      1.97      0.34      3.95        12       768     0.704     0.801     0.819      0.74      1.77      6.84      5.01
    48/109     7.39G      1.65      1.97     0.331      3.96        12       768     0.656     0.796     0.791     0.709      2.01      6.64      4.99
    49/109     7.39G      1.72         2     0.329      4.06        12       768     0.679     0.808     0.802     0.728      1.85      6.73      5.01
    50/109     7.39G      1.58      1.91     0.315       3.8        12       768     0.707     0.811     0.815     0.746       1.8      6.88         5
    51/109     7.39G       1.6      1.91     0.314      3.82        12       768     0.713     0.815     0.821     0.752      1.75      6.73         5
    52/109     7.39G      1.55      1.91     0.305      3.76        12       768     0.712     0.805     0.812     0.747      1.84      6.89      5.02
    53/109     7.39G      1.59      1.92     0.297      3.81        12       768     0.682     0.795     0.801     0.725      1.82      6.75      5.07
    54/109     7.39G      1.47      1.83     0.294       3.6        12       768     0.725     0.813     0.823     0.758      1.74      6.77      4.96
    55/109     7.39G      1.44       1.8     0.287      3.53        12       768     0.723     0.815     0.822     0.756      1.74      6.79      4.96
    56/109     7.39G      1.46       1.8     0.283      3.55        12       768     0.701     0.809     0.813      0.74      1.79      6.81      4.99
    57/109     7.39G      1.48      1.82     0.281      3.58        12       768     0.725     0.802     0.821     0.752      1.72      6.94      4.97
    58/109     7.39G      1.43      1.79     0.274      3.49        12       768     0.721     0.808     0.815     0.753      1.73      6.95      5.03
    59/109     7.39G      1.38      1.77     0.274      3.42        12       768     0.731     0.824     0.829     0.766      1.69      6.91      4.96
    60/109     7.39G      1.38      1.75     0.267      3.39        12       768     0.728     0.811     0.822     0.757      1.71      6.92      4.98
    61/109     7.39G       1.4      1.76      0.26      3.42        12       768      0.72     0.804     0.821      0.75      1.73      6.83      5.06
    62/109     7.39G      1.31      1.69     0.255      3.26        12       768     0.731     0.823     0.828     0.767      1.67      6.85      4.97
    63/109     7.39G      1.29      1.67     0.247      3.21        12       768     0.729     0.825     0.826     0.765      1.67      6.89      5.01
    64/109     7.39G      1.29      1.68     0.245      3.21        12       768     0.722     0.809      0.82     0.754      1.71      6.93      5.02
    65/109     7.39G      1.27      1.66     0.239      3.17        12       768     0.734     0.817     0.822     0.765       1.7      7.02      4.99
    66/109     7.39G      1.23      1.62     0.236      3.09        12       768     0.725     0.818     0.824     0.761      1.66      7.04      4.98
    67/109     7.39G      1.18      1.57     0.231      2.98        12       768     0.736     0.823     0.834     0.768      1.65      6.93      5.04
    68/109     7.39G      1.14      1.57     0.226      2.94        12       768     0.734     0.814     0.829     0.763      1.69      6.91      4.96
    69/109     7.39G      1.18      1.59     0.224         3        12       768     0.743     0.821     0.829     0.773      1.66      6.93      4.98
    70/109     7.39G       1.1      1.52     0.217      2.84        12       768     0.737     0.821     0.833     0.767      1.66      6.94         5
    71/109     7.39G      1.11      1.53     0.214      2.85        12       768     0.746     0.816     0.833     0.772      1.64      7.06      4.99
    72/109     7.39G      1.07      1.48      0.21      2.75        12       768     0.751     0.812     0.832     0.771      1.66      7.11      5.05
    73/109     7.39G       1.1      1.51     0.204      2.81        12       768      0.75     0.818     0.835     0.773      1.64      7.09      5.05
    74/109     7.39G      1.06      1.47     0.202      2.73        12       768     0.754      0.82     0.836     0.777      1.63      7.11      5.09
    75/109     7.39G      1.02      1.45     0.198      2.67        12       768     0.755     0.822     0.834     0.779       1.6      7.12      5.05
    76/109     7.39G     0.991      1.41     0.191      2.59        12       768     0.756     0.822     0.836      0.78      1.62      7.23      5.05
    77/109     7.39G     0.978      1.41     0.186      2.57        12       768     0.746     0.812     0.828      0.77      1.63      7.15      5.08
    78/109     7.39G     0.948      1.39     0.182      2.52        12       768     0.752     0.823      0.83     0.778       1.6      7.18      5.06
    79/109     7.39G       0.9      1.34     0.175      2.42        12       768     0.753     0.825     0.838      0.78      1.61      7.25      5.14
    80/109     7.39G       0.9      1.34     0.172      2.41        12       768      0.76     0.823     0.834     0.782       1.6      7.23      5.08
    81/109     7.39G      0.91      1.34     0.169      2.42        12       768     0.763     0.823     0.839     0.784       1.6      7.31      5.13
    82/109     7.39G     0.875      1.32     0.165      2.36        12       768     0.756     0.818     0.835     0.778      1.59      7.28      5.15
    83/109     7.39G     0.832      1.28      0.16      2.27        12       768     0.756     0.816     0.831     0.777      1.59      7.38      5.18
    84/109     7.39G     0.841      1.29     0.156      2.29        12       768     0.761     0.818     0.834     0.781      1.59      7.42      5.22
    85/109     7.39G     0.842      1.29     0.151      2.28        12       768      0.76     0.818     0.834     0.779       1.6       7.4      5.24
    86/109     7.39G     0.788      1.24     0.146      2.18        12       768     0.758     0.816     0.834     0.777      1.58       7.4      5.25
    87/109     7.39G     0.755       1.2     0.142       2.1        12       768     0.754     0.816     0.838     0.775      1.56      7.32      5.27
    88/109     7.39G     0.739      1.18     0.139      2.06        12       768     0.755     0.816     0.835     0.777      1.57      7.33      5.25
    89/109     7.39G     0.707      1.14     0.136      1.99        12       768     0.761     0.819     0.839     0.781      1.58      7.34      5.27
    90/109     7.39G     0.698      1.13     0.134      1.96        12       768     0.761     0.817     0.839      0.78      1.57      7.36      5.29
    91/109     7.39G     0.665      1.09     0.131      1.88        12       768     0.758     0.808     0.837     0.773      1.58      7.38      5.35
    92/109     7.39G     0.653      1.07     0.129      1.85        12       768     0.763     0.819     0.841     0.782      1.58      7.38      5.32
    93/109     7.39G     0.656      1.08     0.128      1.87        12       768     0.757      0.81     0.836     0.774      1.57      7.39      5.33
    94/109     7.39G     0.597      1.01     0.124      1.73        12       768     0.758     0.811     0.834     0.776      1.57      7.45      5.32
    95/109     7.39G     0.597      1.01     0.121      1.73        12       768     0.761     0.814     0.836     0.779      1.58      7.49       5.3
    96/109     7.39G     0.589         1      0.12      1.71        12       768     0.765     0.814     0.838     0.781      1.57       7.5      5.27
    97/109     7.39G     0.578     0.996     0.117      1.69        12       768     0.771     0.823     0.842     0.788      1.57      7.53      5.24
    98/109     7.39G     0.568     0.982     0.116      1.67        12       768     0.763     0.815     0.835     0.781      1.58      7.57      5.24
    99/109     7.39G     0.557     0.968     0.114      1.64        12       768     0.761     0.815     0.833     0.779      1.58      7.59      5.26
   100/109     7.39G     0.551      0.96     0.113      1.62        12       768     0.768     0.823     0.839     0.787      1.58      7.61      5.25
   101/109     7.39G     0.561     0.961     0.112      1.63        12       768     0.765     0.823     0.841     0.785      1.57      7.62      5.26
   102/109     7.39G     0.545     0.947     0.111       1.6        12       768     0.767     0.824     0.843     0.787      1.57      7.64      5.28
   103/109     7.39G     0.541     0.935     0.109      1.59        12       768     0.768     0.823     0.842     0.787      1.57      7.64      5.29
   104/109     7.39G     0.531      0.92     0.108      1.56        12       768     0.772     0.826     0.841      0.79      1.57      7.66      5.29
   105/109     7.39G      0.53     0.909     0.107      1.55        12       768     0.771     0.824     0.841     0.789      1.57      7.68      5.31
   106/109     7.39G     0.527     0.909     0.106      1.54        12       768      0.77     0.823     0.841     0.787      1.57      7.68      5.31
   107/109     7.39G      0.51     0.887     0.105       1.5        12       768     0.768     0.822     0.841     0.786      1.57      7.69      5.32
   108/109     7.39G     0.506     0.877     0.104      1.49        12       768      0.77     0.823     0.841     0.787      1.57       7.7      5.32
   109/109     7.39G     0.501     0.872     0.104      1.48        12       768     0.769     0.822     0.841     0.787      1.57      7.71      5.33
