     0/109     7.17G       5.4      16.5      46.7      68.6        12       768         0         0   0.00207         0      5.22      12.2      43.5
     1/109     7.18G      4.58      9.73      40.8      55.1        12       768    0.0227  0.000707   0.00424   0.00137      6.79      12.9      43.3
     2/109     7.18G      5.07      7.68      35.1      47.9        12       768    0.0777     0.015    0.0317    0.0183      5.36       8.7      35.4
     3/109     7.18G      4.85      6.93      28.7      40.5        12       768     0.108     0.158     0.127    0.0963      4.29      7.61      26.6
     4/109     7.18G      4.85      6.58      22.3      33.7        12       768    0.0938     0.156    0.0837    0.0849      5.87      6.91      25.3
     5/109     7.18G      5.25      6.17        17      28.4        12       768     0.193      0.37     0.238       0.2      4.72      7.06      18.4
     6/109     7.18G      5.07      5.92      12.9      23.9        12       768     0.288     0.459     0.364     0.302      4.01      7.63      14.5
     7/109     7.18G      5.04      5.66      9.92      20.6        12       768     0.276     0.564     0.403     0.337      4.13      7.13      12.1
     8/109     7.18G      4.88      5.43      7.84      18.2        12       768     0.184     0.587     0.298     0.259       5.1      6.77        12
     9/109     7.18G      4.93      5.21      6.23      16.4        12       768     0.244     0.587       0.4     0.323      4.14      7.51        12
    10/109     7.18G      4.64      5.05      5.05      14.7        12       768     0.274     0.639     0.464     0.366      3.86      7.53      10.7
    11/109     7.18G      4.45      4.92      4.19      13.6        12       768     0.322     0.692     0.548     0.422      3.49      7.41        10
    12/109     7.18G      4.34      4.69      3.41      12.4        12       768     0.218     0.678     0.404     0.317      4.31      6.94      9.88
    13/109     7.18G      4.34      4.56      2.91      11.8        12       768     0.299     0.687     0.506       0.4      3.87       7.4      8.72
    14/109     7.18G      4.07      4.36      2.44      10.9        12       768     0.373     0.747     0.622     0.482      3.27      7.81      8.07
    15/109     7.18G      3.87      4.18      2.09      10.1        12       768     0.397      0.75     0.642     0.506      3.22      7.61      8.32
    16/109     7.18G      3.79      3.98      1.76      9.53        12       768     0.351     0.749     0.572     0.463      3.44      7.79      7.88
    17/109     7.18G      3.79      3.85      1.57      9.21        12       768     0.384     0.769     0.637     0.498      3.49      7.48      7.61
    18/109     7.18G      3.54      3.68      1.36      8.58        12       768      0.49     0.768     0.696      0.58      2.99      8.12      7.65
    19/109     7.18G       3.5       3.6      1.24      8.33        12       768     0.521     0.777      0.73      0.61      2.85      8.08      7.83
    20/109     7.18G       3.3      3.45       1.1      7.85        12       768      0.32     0.787     0.571     0.441      3.82      7.61      7.36
    21/109     7.18G      3.46      3.44      1.06      7.96        12       768     0.459     0.797     0.692     0.564      3.09      7.66      7.63
    22/109     7.18G      3.23      3.34      1.13       7.7        12       768     0.458     0.792     0.714     0.564      2.92      7.86      7.19
    23/109     7.18G      3.09      3.23       0.9      7.23        12       768     0.489     0.804     0.719     0.591       2.8      8.13      6.88
    24/109     7.18G      3.13      3.16     0.854      7.15        12       768     0.431     0.805     0.671     0.546      3.14      8.28      6.76
    25/109     7.18G      3.14      3.13      0.78      7.05        12       768     0.498     0.805     0.707     0.597      2.88      8.19      6.69
    26/109     7.18G      2.93      2.99     0.762      6.69        12       768     0.579     0.808     0.764      0.66      2.67      8.47      6.51
    27/109     7.18G      2.89      2.96     0.747       6.6        12       768      0.59     0.818     0.771     0.668      2.63      8.26      6.53
    28/109     7.18G      2.84      2.91     0.697      6.44        12       768     0.439     0.815     0.671     0.552      3.25      8.02      6.47
    29/109     7.18G      2.87       2.9     0.688      6.46        12       768     0.529     0.799     0.748     0.624      2.75      8.21      6.48
    30/109     7.18G      2.73      2.81      0.64      6.18        12       768     0.555     0.814     0.764     0.644      2.61      8.43      6.52
    31/109     7.18G      2.75      2.81     0.625      6.19        12       768     0.623     0.804     0.777     0.691      2.54      8.55      6.48
    32/109     7.18G      2.66      2.78     0.611      6.05        12       768     0.534     0.791     0.728     0.624      3.07      8.19      6.49
    33/109     7.18G      2.77      2.79     0.601      6.17        12       768     0.583       0.8     0.769     0.662      2.73      8.56      6.55
    34/109     7.18G      2.52      2.67     0.577      5.77        12       768     0.605     0.816     0.788     0.681      2.56      8.45      6.65
    35/109     7.18G      2.44      2.64     0.577      5.66        12       768     0.648     0.809     0.803     0.709      2.43      8.45       6.5
    36/109     7.18G      2.43      2.62     0.567      5.61        12       768     0.575     0.801     0.769     0.658      2.64      8.42      6.48
    37/109     7.18G       2.5      2.65     0.537      5.69        12       768     0.619     0.818     0.794     0.694      2.49      8.55      6.41
    38/109     7.18G      2.38      2.57     0.521      5.47        12       768      0.64     0.807     0.797     0.704      2.41       8.7      6.56
    39/109     7.18G      2.31      2.55     0.529      5.39        12       768     0.642       0.8      0.79     0.701      2.38      8.65      6.58
    40/109     7.18G      2.33      2.53     0.524      5.38        12       768     0.593      0.81      0.78     0.674      2.55      8.53       6.5
    41/109     7.18G      2.42      2.56     0.504      5.49        12       768     0.614     0.796      0.78     0.684      2.52      8.71      6.65
    42/109     7.18G      2.26      2.49     0.488      5.23        12       768     0.671     0.814     0.807     0.727      2.39      8.62      6.58
    43/109     7.18G      2.17      2.44     0.487       5.1        12       768     0.687       0.8     0.811      0.73       2.3      8.66      6.56
    44/109     7.18G      2.18      2.45     0.475       5.1        12       768     0.609     0.815     0.785     0.687      2.51      8.54      6.58
    45/109     7.18G      2.26      2.45     0.465      5.17        12       768      0.63      0.81     0.789     0.699      2.49       8.7      6.75
    46/109     7.18G      2.14      2.38     0.475         5        12       768     0.679     0.809     0.813     0.729      2.29      8.91      6.64
    47/109     7.18G      2.03      2.35     0.457      4.84        12       768      0.71     0.809     0.817     0.747      2.28      8.85      6.62
    48/109     7.18G      2.06      2.34     0.449      4.85        12       768     0.655     0.818       0.8     0.715      2.44      8.62      6.63
    49/109     7.18G      2.08      2.33      0.43      4.84        12       768      0.67     0.814     0.804     0.725      2.41         9      6.73
    50/109     7.18G      1.98      2.27     0.428      4.68        12       768     0.712      0.81     0.816     0.749      2.28      8.98      6.61
    51/109     7.18G      1.97      2.27     0.419      4.66        12       768     0.719     0.816     0.821     0.754      2.24      8.93      6.58
    52/109     7.18G      1.99      2.29     0.421       4.7        12       768     0.701     0.809     0.812     0.741      2.43      8.82      6.56
    53/109     7.18G      1.96      2.26     0.404      4.62        12       768     0.695     0.812     0.818     0.742      2.28         9      6.64
    54/109     7.18G      1.88      2.22       0.4       4.5        12       768     0.719     0.814      0.82     0.755      2.25      9.12      6.64
    55/109     7.18G      1.83      2.17     0.392      4.39        12       768     0.719     0.817     0.822     0.756      2.19      9.04      6.64
    56/109     7.18G      1.85      2.18     0.388      4.42        12       768     0.682      0.81     0.802     0.732      2.31      9.11      6.69
    57/109     7.18G      1.89       2.2     0.375      4.46        12       768     0.721     0.816      0.82     0.758      2.22      8.95      6.65
    58/109     7.18G      1.81      2.16     0.371      4.34        12       768     0.725     0.807     0.815     0.753      2.21      9.19      6.66
    59/109     7.18G      1.72      2.09     0.366      4.18        12       768     0.731     0.809     0.824     0.759      2.17      9.07      6.68
    60/109     7.18G      1.72      2.08     0.363      4.16        12       768     0.723      0.81     0.825     0.754      2.25      9.14      6.65
    61/109     7.18G      1.75       2.1     0.347       4.2        12       768     0.721     0.814     0.823     0.757      2.19      9.12      6.72
    62/109     7.18G       1.6      2.01     0.342      3.95        12       768     0.725      0.82     0.823     0.761      2.16      9.13      6.64
    63/109     7.18G      1.59      1.98     0.337      3.91        12       768     0.723     0.817     0.829     0.757      2.13      9.19      6.66
    64/109     7.18G      1.58      1.99      0.33       3.9        12       768     0.706     0.821     0.824     0.749      2.22      9.08      6.68
    65/109     7.18G      1.63      2.02      0.32      3.97        12       768      0.71     0.815     0.825     0.749      2.13      9.07      6.66
    66/109     7.18G      1.52      1.92     0.314      3.76        12       768     0.712     0.817     0.828     0.751      2.13      9.19      6.63
    67/109     7.18G       1.5      1.93     0.309      3.74        12       768     0.722     0.814     0.829     0.756      2.11      9.28       6.7
    68/109     7.18G      1.47      1.89     0.302      3.66        12       768     0.724     0.816     0.825     0.759      2.12      9.32      6.69
    69/109     7.18G      1.49       1.9     0.297      3.69        12       768     0.726     0.812     0.828     0.757      2.12       9.3      6.68
    70/109     7.18G      1.43      1.86     0.292      3.59        12       768     0.729     0.813     0.828      0.76       2.1      9.34      6.74
    71/109     7.18G      1.39      1.83     0.285      3.51        12       768     0.728     0.811     0.827     0.758      2.07      9.29      6.72
    72/109     7.18G      1.37      1.81     0.276      3.45        12       768     0.726     0.811     0.828     0.757       2.1      9.35       6.7
    73/109     7.18G      1.35      1.78     0.266      3.39        12       768     0.734      0.81     0.829     0.761      2.09      9.39      6.77
    74/109     7.18G       1.3      1.75      0.26      3.31        12       768     0.739     0.815     0.828     0.764      2.07      9.48      6.74
    75/109     7.18G      1.27      1.74     0.254      3.26        12       768      0.74     0.816     0.826     0.767      2.08      9.49      6.74
    76/109     7.18G      1.24      1.71     0.251       3.2        12       768      0.74     0.817      0.83     0.768      2.09      9.45      6.77
    77/109     7.18G      1.26      1.72     0.239      3.21        12       768     0.737     0.814      0.83     0.765      2.05      9.44      6.76
    78/109     7.18G       1.2      1.66     0.235      3.09        12       768     0.734     0.816      0.83     0.764      2.05      9.49      6.74
    79/109     7.18G      1.19      1.65     0.229      3.06        12       768     0.734     0.816     0.831     0.764      2.04      9.52      6.75
    80/109     7.18G      1.15      1.63     0.224      3.01        12       768     0.743     0.813      0.83     0.767      2.07      9.54      6.81
    81/109     7.18G      1.12      1.59     0.217      2.93        12       768     0.736     0.816     0.831     0.765      2.03      9.54      6.83
    82/109     7.18G      1.11      1.58     0.211       2.9        12       768      0.74     0.816      0.83     0.767      2.04      9.62      6.83
    83/109     7.18G      1.08      1.54     0.207      2.83        12       768     0.742     0.819      0.83      0.77      2.02      9.58      6.91
    84/109     7.18G      1.09      1.55     0.201      2.83        12       768      0.74     0.814     0.829     0.766         2      9.59      6.92
    85/109     7.18G      1.07      1.52     0.196      2.78        12       768     0.742     0.813     0.827     0.767      2.03      9.61      6.96
    86/109     7.18G     0.995      1.49     0.188      2.67        12       768     0.741     0.813     0.827     0.766      2.02      9.64      6.97
    87/109     7.18G     0.951      1.44     0.182      2.58        12       768     0.745     0.815     0.829      0.77      2.01      9.67      6.98
    88/109     7.18G     0.967      1.45     0.176       2.6        12       768     0.743     0.811     0.828     0.767      2.02       9.7      7.02
    89/109     7.18G      0.91       1.4     0.171      2.48        12       768     0.743      0.81     0.828     0.766         2      9.75      6.99
    90/109     7.18G     0.889      1.37     0.165      2.42        12       768     0.737      0.81     0.829     0.764      1.99      9.74      7.01
    91/109     7.19G     0.861      1.35     0.161      2.37        12       768     0.741     0.815     0.831     0.767         2      9.77         7
    92/109     7.19G     0.842      1.35     0.156      2.35        12       768      0.74     0.813      0.83     0.766         2      9.78      7.03
    93/109     7.19G     0.834      1.32     0.152       2.3        12       768     0.746     0.812     0.831     0.768         2      9.83      7.04
    94/109     7.19G     0.797      1.29     0.147      2.23        12       768     0.745     0.808     0.831     0.766      1.99      9.86      7.05
    95/109     7.19G      0.78      1.28     0.144       2.2        12       768     0.745     0.811     0.832     0.767         2       9.9       7.1
    96/109     7.19G     0.762      1.26      0.14      2.16        12       768     0.746     0.811     0.831     0.768      1.99      9.94      7.11
    97/109     7.19G     0.764      1.25     0.138      2.15        12       768     0.743      0.81      0.83     0.766      1.99      9.92      7.15
    98/109     7.19G     0.733      1.22     0.135      2.09        12       768     0.745     0.811     0.831     0.767      1.99      9.94      7.17
    99/109     7.19G     0.711       1.2     0.133      2.05        12       768     0.742      0.81     0.829     0.766      1.99      9.97      7.18
   100/109     7.19G     0.699      1.19      0.13      2.02        12       768     0.745     0.811     0.829     0.768      1.99      9.98      7.19
   101/109     7.19G     0.685      1.18     0.128      1.99        12       768     0.745     0.809     0.827     0.768      1.99      9.99      7.21
   102/109     7.19G     0.676      1.16     0.126      1.96        12       768     0.745      0.81     0.828     0.768      1.99        10      7.21
   103/109     7.19G     0.665      1.15     0.125      1.94        12       768     0.746     0.809     0.828     0.768      1.99        10      7.22
   104/109     7.19G      0.66      1.15     0.123      1.93        12       768     0.746     0.809     0.827     0.768      1.99        10      7.22
   105/109     7.19G     0.659      1.14     0.122      1.92        12       768     0.748      0.81     0.827     0.769      1.99        10      7.22
   106/109     7.19G     0.651      1.13     0.121       1.9        12       768     0.748      0.81     0.828     0.769      1.99        10      7.22
   107/109     7.19G     0.648      1.13      0.12       1.9        12       768     0.749     0.812     0.828      0.77      1.99      10.1      7.24
   108/109     7.19G     0.633      1.11     0.119      1.86        12       768     0.751     0.814     0.828     0.773      1.99      10.1      7.24
   109/109     7.19G      0.63       1.1     0.118      1.85        12       768     0.748     0.812     0.829      0.77      1.99      10.1      7.24
