**********creat_modules构建的模型输出记录out_filters**********
0 3
1 32
2 64
3 32
4 64
5 64
6 128
7 64
8 128
9 128
10 64
11 128
12 128
13 256
14 128
15 256
16 256
17 128
18 256
19 256
20 128
21 256
22 256
23 128
24 256
25 256
26 128
27 256
28 256
29 128
30 256
31 256
32 128
33 256
34 256
35 128
36 256
37 256
38 512
39 256
40 512
41 512
42 256
43 512
44 512
45 256
46 512
47 512
48 256
49 512
50 512
51 256
52 512
53 512
54 256
55 512
56 512
57 256
58 512
59 512
60 256
61 512
62 512
63 1024
64 512
65 1024
66 1024
67 512
68 1024
69 1024
70 512
71 1024
72 1024
73 512
74 1024
75 1024
76 512
77 1024
78 512
79 1024
80 512
81 1024
82 1254
83 1254
84 512
85 256
86 256
87 256
88 256
89 512
90 256
91 512
92 256
93 512
94 1254
95 1254
96 256
97 128
98 128
99 384
100 128
101 256
102 128
103 256
104 128
105 256
106 836
107 836

