     0/109     10.4G      5.58      16.3      45.9      67.8        12       768   0.00758  0.000361   0.00352  0.000689      5.59      12.6      42.1
     1/109     10.4G      5.08      10.1        39      54.2        12       768    0.0379    0.0014    0.0134   0.00267      6.47      10.5      38.8
     2/109     10.4G      5.88      7.87      32.9      46.7        12       768     0.113    0.0297    0.0534     0.032      5.73      7.27      30.6
     3/109     10.4G       5.9      6.72      25.8      38.4        12       768     0.163     0.157      0.13      0.11      4.97      7.37      24.8
     4/109     10.4G      5.75      6.52      19.6      31.8        12       768     0.102    0.0931    0.0678    0.0607      6.13      7.34      29.1
     5/109     10.4G      5.72      6.21      14.8      26.8        12       768     0.224     0.347     0.199     0.184      5.07       7.1      16.3
     6/109     10.4G      5.49      6.02        11      22.5        12       768     0.232     0.507     0.323     0.275      4.32      7.36      12.3
     7/109     10.4G      5.29      5.78      8.23      19.3        12       768     0.236     0.543     0.345      0.27      4.43      7.03      11.8
     8/109     10.4G      5.05      5.61       6.4      17.1        12       768     0.149     0.566     0.259     0.216      4.98      6.67      10.9
     9/109     10.4G      4.92      5.37      5.03      15.3        12       768     0.217     0.638      0.38     0.294      4.31      7.37      10.7
    10/109     10.4G      4.64      5.27      4.21      14.1        12       768     0.257     0.692     0.452     0.351      4.17      7.44      9.77
    11/109     10.4G      4.45      5.05      3.52        13        12       768     0.273     0.686     0.476      0.37      3.84      7.39      9.68
    12/109     10.4G      4.34      4.84      2.85        12        12       768     0.208     0.692     0.404     0.307      4.14      7.25      9.99
    13/109     10.4G      4.22      4.66      2.46      11.3        12       768     0.288     0.673     0.497     0.381      3.74      7.86      10.3
    14/109     10.4G      4.02      4.48      2.11      10.6        12       768     0.301     0.749     0.572     0.413      3.49      7.57      9.07
    15/109     10.4G      3.86      4.26       1.8      9.91        12       768     0.387     0.726     0.614     0.485      3.22         8      8.93
    16/109     10.4G      3.82      4.07      1.61       9.5        12       768      0.26     0.772     0.515     0.375      4.09      7.23      7.84
    17/109     10.4G      3.81      3.91      1.41      9.13        12       768     0.336     0.753     0.585     0.447      3.44       7.8      8.08
    18/109     10.4G      3.52      3.78      1.25      8.55        12       768     0.408     0.762     0.659     0.516      3.04      7.93      7.45
    19/109     10.4G      3.46      3.65      1.12      8.23        12       768     0.487      0.78     0.713     0.579      2.91      8.01      7.15
    20/109     10.4G      3.38      3.53         1       7.9        12       768     0.365     0.755     0.592      0.47      3.43      7.95      7.46
    21/109     10.4G      3.36       3.4     0.895      7.65        12       768     0.381     0.777     0.638     0.498       3.1      7.93      7.02
    22/109     10.4G      3.18      3.28     0.838       7.3        12       768     0.452     0.801     0.712     0.563      2.86      8.09      6.77
    23/109     10.4G      3.07      3.17     0.783      7.03        12       768     0.551     0.804     0.769     0.638      2.74      8.16      6.54
    24/109     10.4G      3.03       3.1     0.744      6.88        12       768     0.419     0.792     0.676     0.537      3.16      7.96       6.4
    25/109     10.4G      3.06      3.07      0.71      6.84        12       768     0.485     0.793     0.721     0.591      2.99      8.16      6.57
    26/109     10.4G      2.87      2.94     0.683       6.5        12       768     0.543     0.816     0.766     0.641      2.66      8.11      6.61
    27/109     10.4G      2.82      2.91     0.647      6.37        12       768     0.534     0.807     0.765     0.629      2.65      8.02       6.5
    28/109     10.4G      2.75      2.85     0.629      6.23        12       768     0.413     0.802     0.676     0.535      3.04         8      6.38
    29/109     10.4G      2.78      2.82     0.607       6.2        12       768     0.548     0.809      0.76     0.642      2.67      8.21      6.32
    30/109     10.4G      2.78      2.83     0.578      6.19        12       768     0.548     0.804     0.763     0.641       2.7      8.24      6.42
    31/109     10.4G      2.67      2.77     0.573      6.02        12       768     0.617     0.806      0.79     0.688      2.52      8.32      6.38
    32/109     10.4G      2.65      2.76     0.554      5.96        12       768     0.514     0.797     0.724     0.612      2.79      8.44      6.41
    33/109     10.4G      2.62       2.7     0.538      5.85        12       768     0.528     0.798     0.741     0.625      2.71      8.28      6.63
    34/109     10.4G      2.49      2.64     0.532      5.66        12       768     0.636     0.809      0.79     0.701      2.56       8.5      6.38
    35/109     10.4G      2.45       2.6     0.527      5.58        12       768     0.639     0.806     0.797       0.7      2.45      8.41      6.31
    36/109     10.4G       2.5      2.62     0.527      5.65        12       768     0.591     0.798     0.774     0.668      2.68      8.37      6.39
    37/109     10.4G      2.51      2.61     0.516      5.63        12       768     0.616      0.79     0.778      0.68      2.54      8.69      6.51
    38/109     10.4G      2.34      2.52     0.499      5.37        12       768     0.657     0.809     0.804     0.712      2.47      8.44       6.4
    39/109     10.4G       2.3       2.5     0.492      5.29        12       768     0.683     0.807     0.809     0.726      2.39       8.7      6.43
    40/109     10.4G      2.32      2.48     0.479      5.28        12       768     0.597     0.806     0.777     0.674      2.65      8.46      6.29
    41/109     10.4G      2.33       2.5     0.459      5.29        12       768     0.609     0.806     0.781     0.679      2.48      8.61       6.4
    42/109     10.4G      2.21      2.41     0.454      5.08        12       768     0.674     0.811     0.812     0.723      2.41      8.88      6.42
    43/109     10.4G      2.18      2.42     0.449      5.05        12       768     0.694     0.817     0.817     0.739      2.31      8.84      6.39
    44/109     10.4G      2.21      2.43     0.441      5.08        12       768     0.631     0.809     0.786     0.698      2.65      8.77      6.44
    45/109     10.4G      2.22      2.42     0.429      5.07        12       768     0.671     0.809     0.801      0.72      2.49      8.73      6.59
    46/109     10.4G      2.08      2.35     0.427      4.86        12       768     0.685     0.808      0.81      0.73      2.36      8.94      6.58
    47/109     10.4G      2.04      2.32     0.423      4.79        12       768     0.709     0.806     0.816     0.742       2.3      9.05      6.49
    48/109     10.4G      2.03       2.3     0.418      4.76        12       768     0.677     0.808     0.817     0.725      2.37      8.91       6.5
    49/109     10.4G      2.06       2.3      0.41      4.77        12       768     0.688     0.809     0.805     0.731      2.41      8.84      6.54
    50/109     10.4G         2      2.28     0.414       4.7        12       768     0.731     0.804     0.822     0.754      2.31      8.97      6.54
    51/109     10.4G      1.93      2.25     0.398      4.58        12       768     0.729     0.817     0.827     0.759      2.24      8.84      6.49
    52/109     10.4G      1.94      2.25     0.395      4.59        12       768     0.717     0.807     0.818     0.747      2.33      8.82      6.65
    53/109     10.4G      1.93      2.24     0.391      4.56        12       768     0.721     0.802     0.818     0.747      2.28      8.76      6.72
    54/109     10.4G      1.86      2.18     0.375      4.42        12       768     0.728      0.81     0.828     0.757      2.24      8.76      6.59
    55/109     10.4G      1.85      2.18     0.377      4.41        12       768     0.727     0.811     0.824     0.756      2.25      8.59      6.48
    56/109     10.4G       1.8      2.16     0.367      4.33        12       768     0.718     0.815     0.827     0.752       2.2      8.66      6.47
    57/109     10.4G      1.76      2.13     0.362      4.25        12       768     0.716     0.809     0.822      0.75      2.25      8.66      6.49
    58/109     10.4G      1.78      2.12     0.349      4.25        12       768     0.709     0.814     0.828      0.75      2.24      8.68      6.59
    59/109     10.4G      1.72       2.1     0.338      4.16        12       768     0.718      0.82     0.831     0.757      2.14      8.76      6.47
    60/109     10.4G      1.73      2.08     0.337      4.15        12       768     0.703     0.818     0.828     0.746      2.25      8.62      6.48
    61/109     10.4G      1.67      2.03     0.321      4.02        12       768     0.713      0.82     0.836     0.754      2.21      8.67      6.42
    62/109     10.4G      1.69      2.05     0.319      4.05        12       768     0.724     0.821      0.83      0.76      2.16      8.82      6.45
    63/109     10.4G      1.62         2     0.317      3.93        12       768     0.724     0.818     0.836     0.757      2.17      8.77      6.56
    64/109     10.4G       1.6         2     0.308      3.91        12       768     0.721     0.814     0.828     0.754      2.16      8.95      6.51
    65/109     10.4G      1.66         2     0.302      3.97        12       768     0.719     0.815     0.831     0.755      2.13      8.94      6.65
    66/109     10.4G      1.54      1.93     0.292      3.76        12       768     0.737     0.815     0.836     0.764      2.13      8.95      6.51
    67/109     10.4G      1.46      1.87     0.286      3.62        12       768     0.749     0.813     0.835     0.768       2.1      9.09      6.46
    68/109     10.4G      1.47      1.87      0.28      3.62        12       768     0.755     0.812     0.834     0.771      2.16      9.11      6.54
    69/109     10.4G      1.36       1.8     0.279      3.44        12       768     0.751     0.812     0.833     0.768      2.06      9.17      6.57
    70/109     10.4G      1.38      1.81     0.272      3.46        12       768     0.762     0.819     0.838     0.779      2.07      9.23      6.59
    71/109     10.4G      1.33      1.77     0.263      3.37        12       768     0.762     0.817     0.838     0.777      2.09      9.25      6.64
    72/109     10.4G      1.37       1.8     0.263      3.44        12       768     0.756     0.808     0.828     0.771      2.14      9.25      6.65
    73/109     10.4G      1.34      1.78     0.253      3.37        12       768     0.759     0.803      0.83     0.769       2.1      9.35      6.73
    74/109     10.4G      1.25       1.7     0.246      3.19        12       768     0.759     0.811     0.832     0.774      2.07       9.4      6.82
    75/109     10.4G      1.23      1.69     0.242      3.17        12       768     0.761     0.807     0.831     0.773      2.06      9.41      6.86
    76/109     10.4G      1.25       1.7     0.239      3.19        12       768     0.763     0.801      0.83      0.77      2.11      9.39      7.05
    77/109     10.4G      1.21      1.65     0.231      3.09        12       768     0.763     0.808     0.831     0.775      2.07      9.46       6.9
    78/109     10.4G      1.16      1.62     0.222         3        12       768     0.759     0.801     0.827     0.769      2.07      9.44      6.83
    79/109     10.4G      1.13      1.59     0.218      2.94        12       768     0.759     0.802     0.831     0.771      2.05       9.5      6.89
    80/109     10.4G      1.14      1.59     0.214      2.94        12       768     0.764     0.805     0.832     0.774       2.1      9.45      6.84
    81/109     10.4G      1.06      1.53     0.207       2.8        12       768     0.761     0.798     0.831     0.769      2.02      9.54      6.76
    82/109     10.4G      1.05      1.53       0.2      2.78        12       768     0.765     0.805     0.832     0.774      2.03      9.44      6.74
    83/109     10.4G      1.04      1.51     0.193      2.74        12       768     0.766     0.813     0.835     0.779      2.04      9.39      6.77
    84/109     10.4G      1.03      1.51     0.188      2.73        12       768     0.757     0.804     0.832     0.771      2.01      9.47      6.71
    85/109     10.4G      1.03       1.5     0.184      2.71        12       768     0.771     0.815     0.837     0.783      2.03      9.51      6.76
    86/109     10.4G     0.948      1.42     0.175      2.55        12       768      0.77     0.811     0.835     0.779      2.02      9.63       6.8
    87/109     10.4G     0.943      1.43      0.17      2.55        12       768     0.769     0.809     0.838     0.779      2.02      9.62      6.76
    88/109     10.4G     0.911      1.41     0.165      2.48        12       768     0.776     0.808     0.838     0.782      2.02      9.65      6.73
    89/109     10.4G     0.895      1.38     0.162      2.43        12       768     0.772     0.811     0.837     0.781      2.02      9.61       6.7
    90/109     10.4G     0.867      1.34     0.157      2.36        12       768     0.773     0.815     0.839     0.784         2      9.57      6.69
    91/109     10.4G     0.819      1.31     0.153      2.28        12       768     0.776     0.816     0.838     0.785      2.01      9.64      6.71
    92/109     10.4G     0.811      1.29     0.149      2.25        12       768     0.778     0.816      0.84     0.786      2.01      9.67      6.71
    93/109     10.4G     0.784      1.26     0.146      2.19        12       768     0.774     0.815     0.839     0.784      2.02      9.66      6.74
    94/109     10.4G     0.768      1.24     0.143      2.15        12       768     0.773     0.814     0.835     0.783      2.02      9.69      6.77
    95/109     10.4G     0.739      1.21     0.139      2.09        12       768     0.775     0.815     0.835     0.784      2.02      9.71      6.78
    96/109     10.4G     0.733      1.21     0.136      2.08        12       768     0.778     0.815     0.837     0.786      2.02      9.72      6.75
    97/109     10.4G     0.731      1.21     0.134      2.07        12       768     0.775     0.815     0.837     0.784      2.03      9.74       6.8
    98/109     10.4G     0.706      1.18     0.131      2.02        12       768     0.772     0.816     0.836     0.783      2.02      9.76       6.8
    99/109     10.4G     0.696      1.16     0.128      1.98        12       768     0.772     0.816     0.836     0.783      2.01      9.77      6.79
   100/109     10.4G     0.696      1.16     0.127      1.99        12       768     0.772     0.813     0.836     0.782      2.01      9.78       6.8
   101/109     10.4G     0.689      1.15     0.125      1.96        12       768     0.773     0.815     0.837     0.783      2.02      9.79      6.81
   102/109     10.4G     0.677      1.14     0.124      1.94        12       768     0.771     0.813     0.836     0.782      2.02       9.8      6.82
   103/109     10.4G     0.663      1.12     0.122       1.9        12       768     0.774     0.815     0.837     0.784      2.02      9.83      6.84
   104/109     10.4G     0.678      1.12     0.122      1.92        12       768     0.774     0.814     0.839     0.783      2.02      9.82      6.83
   105/109     10.4G      0.68      1.14     0.121      1.94        12       768     0.776     0.813     0.838     0.784      2.02      9.86      6.85
   106/109     10.4G     0.649       1.1     0.119      1.87        12       768     0.775     0.814     0.837     0.784      2.02      9.86      6.86
   107/109     10.4G      0.64       1.1     0.118      1.85        12       768     0.774     0.815     0.838     0.785      2.02      9.89      6.88
   108/109     10.4G     0.634      1.09     0.117      1.84        12       768     0.773     0.814     0.837     0.783      2.02      9.88      6.86
   109/109     10.4G     0.633      1.08     0.116      1.83        12       768     0.773     0.815     0.836     0.784      2.02       9.9      6.88
