     0/109     9.72G       5.4      16.5      45.8      67.7        12       768    0.0311   0.00137   0.00686   0.00251      5.36      11.3        42
     1/109     9.97G      4.96      9.92      38.7      53.5        12       768    0.0513   0.00245    0.0132   0.00455      6.26      11.2      38.6
     2/109     9.97G      5.72       7.8      31.6      45.2        12       768    0.0747    0.0199    0.0395    0.0252      6.02      7.89      33.1
     3/109     9.97G      5.61      6.74      24.3      36.7        12       768     0.168     0.163     0.138     0.111      4.67      7.77      24.8
     4/109     9.97G      5.47      6.49      17.6      29.6        12       768      0.14    0.0709    0.0928    0.0748      6.27      6.65      27.7
     5/109     9.97G      5.43      6.17      13.2      24.8        12       768     0.187     0.413     0.232     0.197      4.73      7.42        16
     6/109     9.97G      5.24      5.92      9.59      20.8        12       768     0.245     0.518      0.33     0.279      4.49      7.57      11.8
     7/109     9.97G      4.91       5.7      7.03      17.6        12       768     0.259     0.622     0.406     0.328      3.99      7.34      10.9
     8/109     9.97G      4.79      5.48      5.36      15.6        12       768     0.189     0.608     0.309     0.269      4.89      6.71      9.94
     9/109     9.97G       4.7       5.2      4.24      14.1        12       768     0.256       0.6       0.4     0.338      4.05      7.88      11.5
    10/109     9.97G      4.37      5.02      3.38      12.8        12       768     0.285     0.727     0.497     0.388      3.69      7.45      9.42
    11/109     9.97G      4.19      4.79      2.86      11.8        12       768     0.365     0.717      0.56     0.465      3.48      7.55      8.46
    12/109     9.97G      4.05      4.54      2.35      10.9        12       768     0.261       0.7     0.455     0.357      4.12      7.27         9
    13/109     9.97G      4.09      4.35      2.02      10.5        12       768     0.364     0.701     0.565     0.458      3.73      7.85      9.61
    14/109     9.97G      3.77       4.2      1.81      9.78        12       768     0.428     0.772     0.672     0.535      3.13       7.8      7.59
    15/109     9.97G       3.6      4.02      1.57      9.19        12       768     0.451     0.769     0.667     0.549      3.04       8.3      7.54
    16/109     9.97G      3.66      3.87       1.3      8.83        12       768     0.386     0.765     0.635     0.495      3.52      7.73      7.46
    17/109     9.97G      3.59      3.72      1.17      8.47        12       768     0.458      0.79     0.701     0.563      3.26      7.87       6.8
    18/109     9.97G      3.38      3.54      1.05      7.96        12       768     0.509     0.793     0.734     0.606      2.86      7.99      6.78
    19/109     9.97G      3.21      3.38     0.963      7.55        12       768     0.527     0.803     0.731     0.616       2.8      8.07      6.79
    20/109     9.97G      3.22       3.3     0.891      7.41        12       768     0.392     0.788     0.638     0.509      3.25      8.02      6.67
    21/109     9.97G      3.24      3.22     0.829      7.29        12       768     0.509     0.797     0.733     0.607      2.99      8.06      6.48
    22/109     9.97G      3.04      3.12     0.734      6.89        12       768     0.499     0.811     0.735     0.602      2.88      8.01      6.44
    23/109     9.97G      2.97      3.05     0.706      6.73        12       768       0.6     0.802     0.782     0.674      2.58      8.39      6.41
    24/109     9.97G      2.93      2.99     0.665      6.58        12       768     0.401     0.793     0.645     0.523      3.17      7.83      6.27
    25/109     9.97G      2.97      2.99     0.642       6.6        12       768      0.49     0.814     0.726     0.599      2.82      8.01      6.33
    26/109     9.97G      2.79      2.88     0.643      6.31        12       768     0.601       0.8      0.77     0.671      2.62      8.35      6.28
    27/109     9.97G      2.67      2.83     0.632      6.14        12       768     0.606     0.814      0.79     0.684      2.48      8.22       6.2
    28/109     9.97G       2.6      2.77     0.603      5.98        12       768     0.479     0.791     0.706     0.583      2.95      8.08      6.25
    29/109     9.97G      2.72      2.77     0.572      6.06        12       768      0.55     0.797     0.752     0.636      2.68      8.35       6.3
    30/109     9.97G      2.63      2.73     0.571      5.93        12       768     0.628     0.797     0.783     0.692      2.58      8.42      6.34
    31/109     9.97G      2.48      2.66     0.562       5.7        12       768     0.634     0.804     0.795     0.696      2.44      8.43      6.42
    32/109     9.97G      2.53      2.69     0.554      5.78        12       768     0.531     0.797     0.724     0.624      2.78      8.25      6.39
    33/109     9.97G      2.53      2.66     0.521      5.71        12       768     0.549     0.801      0.76     0.639      2.65      8.37      6.46
    34/109     9.97G      2.43       2.6     0.528      5.55        12       768     0.627     0.795     0.785     0.688      2.52       8.6      6.51
    35/109     9.97G      2.38      2.57     0.521      5.47        12       768     0.688     0.802     0.812     0.731      2.37      8.59       6.4
    36/109     9.97G      2.36      2.55     0.501      5.41        12       768     0.595     0.802     0.767     0.671      2.61      8.56       6.5
    37/109     9.97G      2.47      2.57     0.484      5.52        12       768     0.619     0.807     0.785      0.69      2.54      8.38      6.51
    38/109     9.97G      2.26       2.5      0.48      5.23        12       768     0.689     0.794     0.813     0.728      2.41      8.82       6.5
    39/109     9.97G      2.27      2.47     0.475      5.21        12       768     0.705     0.803     0.815     0.742      2.35      8.78       6.5
    40/109     9.97G      2.23      2.45      0.47      5.14        12       768     0.651     0.801     0.796     0.706      2.53      8.64      6.64
    41/109     9.97G      2.22      2.44     0.466      5.13        12       768     0.684     0.815     0.817     0.735      2.41      8.59      6.49
    42/109     9.97G      2.17      2.41     0.465      5.04        12       768     0.718     0.797     0.819     0.746      2.31      8.88      6.57
    43/109     9.97G      2.09      2.38     0.453      4.92        12       768     0.715       0.8     0.822     0.746      2.25       8.9      6.66
    44/109     9.97G      2.05      2.33     0.439      4.83        12       768     0.671     0.787     0.802     0.713      2.38      8.94       6.6
    45/109     9.97G      2.11      2.36     0.432       4.9        12       768       0.7     0.789     0.815     0.729      2.36      9.01      6.54
    46/109     9.97G         2      2.29     0.423      4.71        12       768     0.722       0.8     0.823     0.749      2.32       8.9      6.51
    47/109     9.97G      1.97      2.27     0.412      4.65        12       768     0.719     0.786     0.816     0.739      2.22      9.01      6.53
    48/109     9.97G      1.98      2.28     0.403      4.66        12       768     0.666     0.789     0.792     0.711      2.31      8.92      6.58
    49/109     9.97G      2.05      2.31     0.399      4.75        12       768     0.708      0.79     0.816     0.738      2.32      8.93      6.51
    50/109     9.97G      1.94      2.24     0.395      4.58        12       768     0.732     0.798     0.827     0.754      2.17      8.87      6.41
    51/109     9.97G      1.87      2.23     0.385      4.49        12       768     0.718     0.797     0.826     0.745      2.18      8.79      6.48
    52/109     9.97G      1.91      2.23     0.377      4.51        12       768     0.679     0.795      0.81     0.721      2.34      8.86      6.48
    53/109     9.97G      1.86       2.2     0.368      4.43        12       768     0.717     0.794     0.819     0.743      2.23      8.86      6.44
    54/109     9.97G      1.82      2.17     0.365      4.35        12       768     0.724       0.8     0.826     0.749      2.15      8.86      6.46
    55/109     9.97G      1.79      2.14     0.359      4.28        12       768     0.718     0.803     0.828     0.747      2.12      8.88      6.39
    56/109     9.97G      1.81      2.13     0.354      4.29        12       768     0.696     0.803     0.819     0.735      2.21      8.77      6.45
    57/109     9.97G      1.75       2.1     0.342      4.19        12       768     0.723     0.806      0.83     0.753      2.14      8.88      6.46
    58/109     9.97G      1.67      2.05     0.338      4.06        12       768     0.732     0.811     0.834     0.761      2.12      8.94      6.41
    59/109     9.97G       1.6         2     0.328      3.93        12       768     0.732       0.8     0.833     0.754      2.09      9.03      6.48
    60/109     9.97G      1.64      2.02     0.332      3.99        12       768      0.73     0.814     0.835     0.761      2.08      8.99      6.35
    61/109     9.97G       1.7      2.08     0.321       4.1        12       768      0.72     0.817     0.831     0.757      2.15         9      6.51
    62/109     9.97G      1.59      1.97     0.319      3.87        12       768     0.744     0.805     0.836     0.764      2.07      9.07      6.45
    63/109     9.97G      1.54      1.96     0.313      3.81        12       768     0.742     0.811     0.835     0.767      2.08      9.07      6.42
    64/109     9.97G      1.54      1.95     0.307       3.8        12       768     0.726     0.808      0.83     0.756      2.13      9.13      6.51
    65/109     9.97G      1.52      1.92     0.299      3.73        12       768     0.745     0.808     0.836     0.766      2.07      9.22      6.48
    66/109     9.97G      1.48      1.89     0.291      3.66        12       768     0.746     0.803     0.835     0.764       2.1      9.15      6.49
    67/109     9.97G      1.44      1.87     0.284       3.6        12       768     0.751     0.801     0.833     0.765      2.05      9.16       6.5
    68/109     9.97G      1.37      1.83     0.279      3.48        12       768     0.743     0.808     0.835     0.765      2.04      9.22      6.47
    69/109     9.97G      1.42      1.85     0.271      3.55        12       768     0.741     0.803     0.836     0.761      2.06      9.22      6.52
    70/109     9.97G      1.41      1.84     0.269      3.53        12       768     0.749     0.803     0.835     0.765      2.02      9.27      6.53
    71/109     9.97G      1.32      1.77     0.259      3.36        12       768     0.756     0.801     0.832     0.769      2.01      9.33      6.49
    72/109     9.97G      1.31      1.78     0.252      3.34        12       768     0.752       0.8      0.83     0.766      2.06      9.34      6.53
    73/109     9.97G      1.31      1.76     0.244      3.31        12       768      0.76     0.803     0.833     0.772      2.02      9.46      6.54
    74/109     9.97G      1.27      1.73     0.242      3.23        12       768     0.756     0.802     0.828      0.77      2.01      9.44      6.62
    75/109     9.97G      1.22      1.67     0.234      3.12        12       768     0.751     0.796     0.833     0.764      1.99      9.43      6.59
    76/109     9.97G       1.2      1.67     0.231       3.1        12       768     0.753     0.809     0.832     0.772      1.99      9.33      6.57
    77/109     9.97G      1.21      1.66     0.225      3.09        12       768     0.757     0.803     0.834      0.77      1.98      9.43      6.66
    78/109     9.97G      1.15      1.62     0.218      2.99        12       768     0.761     0.807     0.835     0.775      1.98      9.43      6.63
    79/109     9.97G      1.12      1.59     0.212      2.93        12       768     0.754     0.804     0.832     0.769      1.98      9.43      6.69
    80/109     9.97G      1.11      1.58     0.206      2.89        12       768     0.752     0.794      0.83     0.764      1.97      9.54      6.65
    81/109     9.97G      1.08      1.55     0.199      2.83        12       768     0.753     0.795     0.829     0.765      1.99      9.45      6.69
    82/109     9.97G      1.06      1.55     0.192       2.8        12       768     0.755     0.792      0.83     0.763      1.97       9.5      6.66
    83/109     9.97G      1.01      1.49      0.19      2.69        12       768     0.749     0.794     0.832     0.761      1.96      9.45      6.69
    84/109     9.97G         1      1.49     0.184      2.68        12       768     0.753     0.795     0.832     0.764      1.95      9.48      6.69
    85/109     9.97G      1.02      1.49     0.179      2.69        12       768     0.755     0.794      0.83     0.765      1.97       9.5      6.74
    86/109     9.97G     0.937      1.43      0.17      2.53        12       768     0.759     0.792      0.83     0.765      1.95      9.59      6.75
    87/109     9.97G     0.932      1.43     0.168      2.53        12       768     0.756     0.792     0.828     0.764      1.95      9.59      6.75
    88/109     9.97G     0.898      1.37     0.165      2.44        12       768     0.758     0.796     0.831     0.767      1.95      9.61      6.79
    89/109     9.97G     0.904       1.4      0.16      2.47        12       768     0.764     0.794     0.829     0.769      1.95      9.66      6.81
    90/109     9.97G      0.85      1.33     0.156      2.34        12       768      0.76     0.796      0.83     0.768      1.95      9.61       6.8
    91/109     9.97G     0.804      1.29     0.151      2.24        12       768     0.758     0.795     0.831     0.767      1.95      9.62      6.82
    92/109     9.97G     0.788      1.26     0.146      2.19        12       768     0.759     0.796     0.831     0.768      1.94      9.63      6.78
    93/109     9.97G      0.78      1.25     0.143      2.18        12       768     0.759     0.795      0.83     0.767      1.95      9.66       6.8
    94/109     9.97G     0.745      1.23     0.139      2.12        12       768     0.756     0.795      0.83     0.765      1.95       9.7      6.82
    95/109     9.97G     0.729      1.21     0.135      2.08        12       768     0.758       0.8     0.831     0.769      1.95      9.71      6.81
    96/109     9.97G     0.705       1.2     0.132      2.04        12       768     0.757     0.798     0.831     0.767      1.95      9.73      6.82
    97/109     9.97G     0.707      1.19     0.129      2.03        12       768     0.757     0.799     0.832     0.768      1.94      9.76      6.84
    98/109     9.97G     0.701       1.2     0.126      2.02        12       768     0.759     0.798     0.832     0.769      1.94      9.78      6.84
    99/109     9.97G      0.69      1.19     0.124      2.01        12       768     0.762     0.798     0.832      0.77      1.94       9.8      6.86
   100/109     9.97G     0.683      1.19     0.122         2        12       768     0.764     0.798     0.833     0.771      1.93      9.81      6.87
   101/109     9.97G     0.681      1.18      0.12      1.99        12       768     0.762     0.797     0.832     0.769      1.94      9.82      6.88
   102/109     9.97G     0.676      1.18     0.119      1.98        12       768     0.762     0.795     0.832     0.768      1.93      9.83      6.89
   103/109     9.97G     0.643      1.13     0.117      1.89        12       768     0.762     0.797     0.832     0.769      1.93      9.82      6.91
   104/109     9.97G     0.638      1.12     0.115      1.88        12       768     0.763     0.796     0.831     0.769      1.93      9.84      6.91
   105/109     9.97G     0.643      1.13     0.114      1.89        12       768     0.763     0.797     0.831      0.77      1.93      9.85      6.91
   106/109     9.97G      0.62       1.1     0.113      1.84        12       768     0.763     0.797     0.832      0.77      1.93      9.86      6.91
   107/109     9.97G     0.608      1.09     0.112      1.81        12       768     0.763     0.797     0.832      0.77      1.93      9.87      6.93
   108/109     9.97G     0.606      1.09     0.111       1.8        12       768     0.763     0.795      0.83     0.769      1.93      9.89      6.92
   109/109     9.97G     0.637      1.11     0.111      1.86        12       768     0.762     0.795     0.831     0.769      1.93      9.89      6.93
