     0/109     7.07G      4.24      12.6      35.1        52        12       768    0.0303  0.000785   0.00345   0.00153      3.45      10.3      32.8
     1/109     7.09G      3.31      7.71      30.6      41.7        12       768    0.0478   0.00488   0.00771   0.00501      4.95      7.99      30.2
     2/109     7.09G       3.8      6.09      26.7      36.5        12       768     0.118     0.025    0.0465    0.0235      3.89      6.26      25.7
     3/109     7.09G      3.66       5.4      21.5      30.6        12       768     0.132    0.0455    0.0478      0.04      3.75      7.27      26.5
     4/109     7.09G      3.76      5.18      16.6      25.5        12       768     0.139     0.113    0.0916    0.0893      4.49      5.17      18.7
     5/109     7.09G       3.9      4.91      12.7      21.5        12       768     0.229     0.262     0.209     0.204      3.74      6.07      14.1
     6/109     7.09G      3.81      4.73      9.56      18.1        12       768     0.248     0.454      0.31     0.264      3.35       5.9      11.1
     7/109     7.09G       3.7      4.53      7.27      15.5        12       768      0.26     0.575     0.393     0.327      3.02      5.68      9.46
     8/109     7.09G      3.71       4.3      5.72      13.7        12       768     0.209     0.542     0.306     0.284      3.66      5.64      8.33
     9/109     7.09G       3.7      4.14      4.37      12.2        12       768     0.267     0.605     0.427     0.346      3.08      5.87      7.96
    10/109     7.32G      3.49      3.98      3.54        11        12       768     0.317     0.648     0.503     0.403       2.9      5.96      7.58
    11/109     7.32G      3.31      3.85       2.9      10.1        12       768     0.362     0.677      0.55     0.445      2.71      6.11       7.2
    12/109     7.32G      3.24       3.7      2.43      9.37        12       768     0.275     0.673      0.46     0.376      3.06      5.93      7.56
    13/109     7.32G      3.26      3.57      2.11      8.94        12       768     0.339     0.677     0.516     0.423      2.95      6.19       6.7
    14/109     7.32G      3.12      3.49      1.82      8.42        12       768     0.442     0.705     0.628     0.523      2.61      6.12      6.23
    15/109     7.32G      2.97      3.33      1.52      7.82        12       768     0.468     0.736     0.676     0.553      2.44       6.1      5.85
    16/109     7.32G      2.83      3.23      1.31      7.36        12       768     0.329     0.722     0.559     0.443       2.7      6.08      5.63
    17/109     7.32G      2.87      3.12      1.11      7.09        12       768     0.376     0.759     0.639     0.488      2.54      6.09      5.39
    18/109     7.32G       2.7      2.99      0.94      6.64        12       768     0.451     0.769     0.686     0.555      2.32      6.61      5.32
    19/109     7.32G      2.57      2.86      0.86       6.3        12       768     0.501     0.783     0.711     0.592      2.13      6.29      5.64
    20/109     7.32G      2.57       2.8     0.765      6.13        12       768     0.376     0.776     0.574     0.491      2.85       6.2      5.34
    21/109     7.32G      2.57      2.74     0.729      6.04        12       768     0.473     0.779     0.689     0.576      2.24      6.33       5.2
    22/109     7.32G      2.39      2.63     0.662      5.68        12       768     0.514     0.779     0.732     0.608      2.12      6.51       5.1
    23/109     7.32G      2.34      2.59      0.63      5.56        12       768     0.576     0.778     0.759     0.652      2.04      6.46      5.06
    24/109     7.32G      2.29      2.54     0.579      5.41        12       768      0.45     0.747     0.626     0.549      2.91      6.29      5.13
    25/109     7.32G       2.4      2.52     0.572      5.49        12       768     0.559     0.765     0.734     0.635       2.2       6.5      5.13
    26/109     7.32G      2.23      2.46     0.586      5.27        12       768     0.582     0.776     0.752     0.653      2.06       6.7      5.11
    27/109     7.32G      2.16      2.42     0.528       5.1        12       768      0.59     0.795     0.764     0.667      1.98      6.57      5.11
    28/109     7.32G       2.2      2.39     0.501      5.09        12       768     0.531     0.778     0.728      0.62      2.23      6.31      4.99
    29/109     7.32G      2.17      2.34     0.504      5.01        12       768     0.592     0.788     0.759     0.664      2.09      6.55      5.07
    30/109     7.32G      2.07      2.32      0.48      4.87        12       768     0.604     0.785     0.774     0.673      1.99      6.58      5.09
    31/109     7.32G      1.98      2.25     0.471       4.7        12       768     0.645     0.796     0.783     0.703      1.88      6.64      5.12
    32/109     7.32G         2      2.23     0.468      4.71        12       768     0.565     0.778     0.743     0.645      2.18      6.69      5.01
    33/109     7.32G      2.08      2.24     0.451      4.77        12       768     0.624     0.784     0.774     0.685         2      6.66      5.09
    34/109     7.32G      1.87      2.16     0.438      4.47        12       768     0.656     0.797     0.783     0.709      1.88       6.9      5.06
    35/109     7.32G      1.87      2.14     0.417      4.42        12       768     0.668     0.799     0.796     0.719      1.85      6.67      5.11
    36/109     7.32G      1.82      2.12     0.424      4.37        12       768     0.588     0.785     0.741     0.662       2.1      6.67      5.11
    37/109     7.32G      1.92      2.13       0.4      4.46        12       768     0.641     0.798     0.768       0.7      1.94      6.88      5.06
    38/109     7.32G      1.87      2.15     0.397      4.42        12       768     0.649      0.79     0.779     0.702      1.88      6.95      5.18
    39/109     7.32G      1.79      2.11     0.385      4.28        12       768     0.682     0.792     0.798     0.726       1.8      6.82      5.14
    40/109     7.32G      1.79      2.09     0.396      4.27        12       768     0.684     0.794      0.79     0.727      1.93      6.83      5.13
    41/109     7.32G      1.77      2.07     0.378      4.22        12       768     0.666      0.79     0.794     0.713       1.9      6.78      5.16
    42/109     7.32G      1.72      2.03     0.371      4.13        12       768     0.689     0.789     0.794     0.726      1.79      7.13      5.24
    43/109     7.32G      1.63      1.98     0.369      3.97        12       768     0.705     0.791       0.8     0.739      1.72      7.12       5.2
    44/109     7.32G      1.66      1.97     0.361      3.99        12       768     0.655     0.786     0.775     0.704      1.86      7.14      5.25
    45/109     7.32G      1.69      1.99     0.351      4.02        12       768     0.694     0.795     0.799     0.731      1.81      7.05      5.22
    46/109     7.32G      1.61      1.96     0.346      3.91        12       768     0.713     0.778     0.794     0.733      1.78      7.26      5.37
    47/109     7.32G      1.56      1.93     0.339      3.83        12       768     0.711     0.792     0.802      0.74      1.71      7.21      5.12
    48/109     7.32G      1.57      1.93      0.34      3.84        12       768     0.681     0.793     0.794     0.723      1.78      7.13      5.06
    49/109     7.32G      1.55      1.89     0.326      3.77        12       768     0.712     0.798     0.809     0.743       1.7       7.1       5.2
    50/109     7.32G      1.49      1.86     0.322      3.67        12       768     0.721     0.793      0.81     0.746      1.68      7.13      5.09
    51/109     7.32G      1.47      1.85     0.318      3.63        12       768     0.741      0.79     0.812     0.756      1.65      7.25      5.08
    52/109     7.32G      1.43      1.82     0.315      3.56        12       768     0.714     0.786     0.803     0.741      1.75      7.22      5.08
    53/109     7.32G      1.49      1.85     0.303      3.65        12       768     0.703     0.786       0.8     0.734      1.75      7.05      5.14
    54/109     7.32G      1.42       1.8       0.3      3.52        12       768     0.732     0.791     0.811     0.752      1.68      7.17      5.17
    55/109     7.32G      1.37      1.77     0.296      3.43        12       768     0.732     0.786     0.811     0.751      1.66      7.32      5.12
    56/109     7.32G      1.37      1.76     0.286      3.42        12       768     0.709     0.794      0.81     0.741      1.71      7.19       5.1
    57/109     7.32G      1.38      1.76     0.284      3.42        12       768     0.718      0.79     0.806     0.744      1.71      7.14      5.16
    58/109     7.32G      1.33      1.72     0.288      3.34        12       768      0.72     0.793     0.811     0.748      1.63      7.24       5.2
    59/109     7.32G      1.29       1.7     0.276      3.27        12       768     0.738     0.794     0.818     0.757      1.63      7.21      5.16
    60/109     7.32G      1.26      1.69     0.276      3.23        12       768      0.74     0.795     0.817     0.759      1.62      7.33      5.11
    61/109     7.32G       1.3      1.68     0.266      3.25        12       768      0.73     0.793     0.815     0.752      1.64      7.27      5.15
    62/109     7.32G      1.24      1.67     0.258      3.16        12       768     0.734     0.798     0.822     0.758      1.61      7.25      5.16
    63/109     7.32G      1.21      1.64     0.252       3.1        12       768     0.737     0.797     0.818     0.759      1.61       7.2      5.12
    64/109     7.32G      1.21      1.65     0.246       3.1        12       768     0.724     0.791     0.813     0.749      1.67      7.21       5.1
    65/109     7.32G      1.21      1.63     0.242      3.08        12       768     0.725     0.794     0.814     0.751      1.63      7.17      5.22
    66/109     7.32G      1.12      1.57     0.235      2.93        12       768      0.74     0.794     0.819     0.759      1.58      7.25      5.15
    67/109     7.32G      1.14      1.56      0.23      2.93        12       768     0.745      0.79     0.816     0.759      1.61      7.32      5.17
    68/109     7.32G      1.14      1.57     0.228      2.93        12       768     0.742     0.798     0.818     0.762      1.58      7.27      5.23
    69/109     7.32G      1.14      1.56     0.219      2.92        12       768     0.746     0.794      0.82     0.762      1.57      7.29      5.19
    70/109     7.32G      1.11      1.54     0.218      2.86        12       768      0.74     0.796     0.819     0.759      1.57      7.36      5.22
    71/109     7.32G      1.08      1.52     0.213      2.81        12       768     0.751     0.796      0.82     0.766      1.56      7.36      5.23
    72/109     7.32G      1.04      1.49     0.209      2.75        12       768     0.763     0.794      0.82     0.769      1.59      7.48      5.16
    73/109     7.32G      1.05       1.5     0.203      2.76        12       768     0.759     0.794      0.82     0.768      1.59      7.47      5.23
    74/109     7.32G      1.01      1.46     0.195      2.66        12       768     0.751     0.787     0.814      0.76      1.57      7.41      5.25
    75/109     7.32G     0.988      1.45      0.19      2.63        12       768     0.752     0.785     0.815     0.761      1.57      7.61      5.23
    76/109     7.32G     0.962      1.43     0.185      2.58        12       768     0.753     0.787     0.817     0.762      1.59      7.57      5.23
    77/109     7.32G     0.974      1.42      0.18      2.57        12       768     0.757     0.786     0.817     0.763      1.56      7.65      5.32
    78/109     7.32G     0.948      1.41     0.177      2.54        12       768     0.752     0.791      0.82     0.764      1.58       7.6      5.27
    79/109     7.32G     0.913      1.39     0.172      2.47        12       768     0.753     0.792     0.819     0.765      1.56      7.65      5.27
    80/109     7.32G     0.906      1.38     0.166      2.45        12       768     0.755     0.796     0.821     0.767      1.55      7.63      5.29
    81/109     7.32G     0.876      1.33     0.161      2.37        12       768     0.759      0.79     0.818     0.766      1.55      7.68      5.28
    82/109     7.32G     0.854      1.35     0.154      2.36        12       768     0.758     0.795     0.822     0.768      1.53      7.68      5.31
    83/109     7.32G     0.831      1.31     0.153       2.3        12       768      0.76       0.8     0.825     0.772      1.51      7.71      5.36
    84/109     7.32G     0.829       1.3     0.149      2.28        12       768     0.762     0.796     0.825     0.772      1.52      7.64      5.39
    85/109     7.32G     0.769      1.23     0.143      2.14        12       768      0.76       0.8     0.825     0.771      1.51      7.64      5.48
    86/109     7.32G     0.765      1.23     0.139      2.14        12       768     0.763     0.797     0.827     0.772      1.51      7.68      5.47
    87/109     7.32G     0.748      1.22     0.137       2.1        12       768     0.763     0.799     0.826     0.773      1.51       7.7      5.49
    88/109     7.32G     0.721      1.19     0.134      2.04        12       768     0.759     0.798     0.822      0.77      1.51      7.74       5.5
    89/109     7.32G     0.704      1.17      0.13      2.01        12       768     0.761     0.802     0.821     0.774      1.52      7.66      5.46
    90/109     7.32G     0.685      1.14     0.127      1.95        12       768     0.766     0.801     0.822     0.776      1.51      7.72       5.4
    91/109     7.32G     0.662      1.12     0.124       1.9        12       768     0.762       0.8     0.822     0.773      1.51      7.76      5.36
    92/109     7.32G     0.632      1.09     0.121      1.84        12       768     0.764       0.8      0.82     0.774      1.51      7.78      5.37
    93/109     7.32G     0.632      1.09     0.118      1.84        12       768     0.758     0.792     0.817     0.768      1.52      7.79      5.37
    94/109     7.32G     0.613      1.06     0.116      1.79        12       768     0.757     0.792     0.818     0.767      1.51      7.79      5.39
    95/109     7.32G     0.594      1.05     0.113      1.76        12       768     0.757     0.792     0.817     0.767      1.52      7.82      5.42
    96/109     7.32G     0.598      1.06     0.111      1.77        12       768     0.755     0.793     0.819     0.766      1.52      7.83      5.43
    97/109     7.32G     0.578      1.03      0.11      1.72        12       768     0.755     0.793     0.817     0.767      1.51      7.85      5.44
    98/109     7.32G     0.567      1.02     0.108       1.7        12       768      0.76     0.794     0.818      0.77      1.52      7.86      5.46
    99/109     7.32G     0.559      1.02     0.106      1.69        12       768     0.756     0.793     0.818     0.767      1.51      7.89      5.49
   100/109     7.32G     0.553      1.01     0.104      1.67        12       768     0.758     0.793     0.818     0.768      1.51       7.9      5.49
   101/109     7.32G     0.558         1     0.104      1.66        12       768     0.759     0.793     0.819     0.769      1.51      7.92      5.51
   102/109     7.32G     0.533     0.987     0.102      1.62        12       768     0.759     0.791     0.817     0.768       1.5      7.93      5.51
   103/109     7.32G     0.523     0.964       0.1      1.59        12       768     0.759     0.791     0.817     0.768      1.51      7.92      5.52
   104/109     7.32G     0.517     0.953    0.0991      1.57        12       768     0.761      0.79     0.817     0.768      1.51      7.94      5.51
   105/109     7.32G     0.517      0.95    0.0983      1.57        12       768     0.761     0.791     0.818     0.769      1.51      7.96      5.52
   106/109     7.32G     0.503     0.936    0.0969      1.54        12       768      0.76      0.79     0.818     0.767      1.51      7.97      5.53
   107/109     7.32G     0.493     0.924     0.096      1.51        12       768      0.76     0.794     0.818     0.769      1.51      7.98      5.54
   108/109     7.32G     0.488     0.921    0.0955       1.5        12       768     0.758      0.79     0.817     0.767      1.51      7.98      5.53
   109/109     7.32G     0.482     0.911    0.0948      1.49        12       768     0.757     0.789     0.817     0.766      1.51         8      5.54
