     0/109     14.6G      5.66      17.4      46.2      69.2        52       768    0.0152  0.000326   0.00338  0.000639      5.11      13.2      42.6
     1/109     15.5G       5.1      10.2      39.2      54.5        52       768    0.0379   0.00178   0.00991   0.00325      7.66      11.1      42.3
     2/109     15.5G      5.55      7.93        32      45.4        52       768   0.00935   0.00033   0.00876  0.000615      7.14      8.46      45.7
     3/109     15.5G      5.36       6.9      25.1      37.4        52       768     0.204      0.15     0.149     0.114      4.47      8.01      23.7
     4/109     15.5G      5.32      6.52      18.4      30.3        52       768     0.143     0.138     0.109     0.103      5.69      7.22      22.5
     5/109     15.5G      5.39      6.17      13.7      25.2        52       768     0.245      0.29     0.207     0.196      4.76       7.7      18.4
     6/109     15.5G      5.16      5.92        10      21.1        52       768     0.215     0.494     0.314     0.258      4.67      7.05      15.3
     7/109     15.5G      4.96      5.74      7.67      18.4        52       768     0.289     0.581     0.413     0.334      4.05      7.55      11.3
     8/109     15.5G      4.73      5.52      5.74        16        52       768     0.227     0.567     0.328     0.281      4.96      6.78      10.4
     9/109     15.5G      4.76      5.25      4.52      14.5        52       768     0.247     0.658     0.418     0.338      4.15      7.31      10.3
    10/109     15.5G      4.37       5.1      3.67      13.1        52       768     0.334     0.646     0.497     0.407      3.69      7.94      10.6
    11/109     15.5G      4.14      4.88      2.96        12        52       768     0.362     0.731      0.58     0.457      3.44      7.65       8.7
    12/109     15.5G      3.99       4.6      2.37        11        52       768     0.287     0.687     0.463      0.38      4.05      7.43      9.62
    13/109     15.5G         4      4.38      2.05      10.4        52       768     0.347     0.715     0.564     0.447      3.56      7.73       8.3
    14/109     15.5G      3.79       4.2      1.69      9.67        52       768     0.373     0.744     0.596     0.479      3.28      8.13      7.98
    15/109     15.5G      3.68      3.99      1.46      9.13        52       768     0.443     0.758     0.668     0.546      3.26      7.93      7.31
    16/109     15.5G      3.49       3.8      1.31      8.59        52       768     0.401     0.723     0.601     0.496      3.31      8.21      8.43
    17/109     15.5G      3.53      3.68      1.15      8.36        52       768     0.376     0.768     0.608      0.49       3.4      7.94      7.94
    18/109     15.5G      3.41      3.51     0.999      7.92        52       768     0.433     0.779     0.667      0.54         3      8.06      7.28
    19/109     15.5G       3.2      3.37     0.934      7.51        52       768     0.477      0.79     0.709     0.582      2.84      8.08      6.76
    20/109     15.5G      3.18      3.27     0.829      7.28        52       768     0.369     0.798     0.654     0.492      3.35      7.53      6.51
    21/109     15.5G      3.28      3.23     0.766      7.28        52       768     0.427       0.8      0.68     0.541      3.05      8.01      6.67
    22/109     15.5G      3.16      3.15     0.785      7.09        52       768     0.542     0.796     0.749      0.63       2.8      8.05      6.83
    23/109     15.5G      2.87         3     0.755      6.63        52       768     0.574     0.809     0.768     0.656      2.69      8.18      6.63
    24/109     15.5G      2.85      2.98     0.716      6.55        52       768     0.493     0.784     0.697     0.589      3.24      7.92       6.5
    25/109     15.5G      2.94         3     0.667      6.61        52       768      0.47     0.787     0.709     0.576      3.03      8.17      6.51
    26/109     15.5G      2.85       2.9     0.654      6.41        52       768     0.568       0.8     0.767     0.648      2.62      8.25      6.62
    27/109     15.5G      2.68      2.82     0.606       6.1        52       768     0.625     0.793     0.775     0.685      2.54      8.62      6.68
    28/109     15.5G      2.69       2.8     0.598      6.09        52       768     0.507     0.802     0.718     0.603      2.85      8.47      6.71
    29/109     15.5G      2.78      2.79     0.594      6.16        52       768     0.552     0.816     0.758     0.648      2.86      8.29      6.61
    30/109     15.5G      2.63      2.72      0.56      5.91        52       768     0.586     0.799     0.751      0.66      2.61      8.83      6.88
    31/109     15.5G      2.54      2.68     0.561      5.78        52       768     0.638     0.789     0.784     0.695      2.47      8.75         7
    32/109     15.5G      2.46      2.63     0.555      5.65        52       768     0.523     0.798     0.725     0.613      2.78      8.46      6.87
    33/109     15.5G       2.6      2.67     0.546      5.82        52       768      0.58     0.804      0.76     0.658      2.64      8.71      7.01
    34/109     15.5G      2.41      2.62     0.529      5.56        52       768     0.636     0.801     0.794     0.694      2.49      8.52      6.52
    35/109     15.5G      2.33      2.56     0.528      5.42        52       768     0.682     0.801     0.805     0.724       2.4      8.81      6.69
    36/109     15.5G      2.34      2.54     0.532      5.41        52       768      0.59     0.813     0.778     0.671      2.56      8.37      6.51
    37/109     15.5G      2.33      2.52     0.505      5.36        52       768     0.638     0.816     0.805     0.704      2.45      8.57       6.6
    38/109     15.5G      2.26      2.48     0.502      5.24        52       768     0.714     0.811     0.822      0.75      2.39      8.83      6.65
    39/109     15.5G       2.2      2.45     0.491      5.14        52       768     0.717     0.812     0.828     0.751      2.26       8.8      6.68
    40/109     15.5G      2.17      2.45     0.473      5.09        52       768      0.63       0.8      0.78     0.693      2.68      8.78      6.54
    41/109     15.5G      2.35      2.48     0.465      5.29        52       768     0.632     0.806     0.797     0.697      2.56      8.85      6.67
    42/109     15.5G      2.17      2.43     0.452      5.05        52       768     0.681     0.804     0.805     0.726      2.32      8.81       6.6
    43/109     15.5G      2.07      2.37     0.445      4.88        52       768     0.726     0.792     0.817     0.749      2.28      9.15      6.66
    44/109     15.5G      2.01      2.34     0.431      4.78        52       768     0.636     0.798      0.79     0.698      2.39      8.98       6.6
    45/109     15.5G      2.06      2.35     0.428      4.84        52       768     0.678     0.821     0.822     0.731      2.41       8.8      6.55
    46/109     15.5G      2.05      2.31     0.416      4.78        52       768     0.722     0.797     0.815     0.747      2.23      8.98      6.67
    47/109     15.5G      1.96      2.28     0.411      4.65        52       768     0.723     0.798     0.819      0.75      2.21      9.08      6.67
    48/109     15.5G      1.95      2.26     0.414      4.62        52       768     0.702      0.81     0.823     0.742       2.4      9.02      6.52
    49/109     15.5G      2.02       2.3     0.408      4.73        52       768     0.713     0.805     0.821     0.749      2.32      9.05      6.75
    50/109     15.5G      1.89      2.22     0.389       4.5        52       768     0.745     0.809      0.83     0.766      2.24      9.04      6.65
    51/109     15.5G      1.86      2.18     0.392      4.43        52       768     0.758     0.799     0.829     0.768       2.2      9.13      6.54
    52/109     15.5G      1.82      2.18     0.382      4.38        52       768     0.714     0.801     0.815     0.746      2.22       9.1      6.62
    53/109     15.5G      1.88      2.19      0.37      4.44        52       768     0.707     0.795     0.822     0.739       2.3       9.1      6.77
    54/109     15.5G      1.85      2.16     0.364      4.37        52       768     0.719     0.806     0.823     0.751      2.17      9.02       6.6
    55/109     15.5G      1.77      2.14     0.355      4.27        52       768     0.739     0.795     0.826     0.757      2.16      9.05      6.66
    56/109     15.5G      1.76      2.15      0.35      4.26        52       768     0.732     0.811     0.831      0.76      2.18      9.05      6.59
    57/109     15.5G      1.77      2.11     0.338      4.23        52       768     0.719     0.806     0.824     0.749      2.19      9.01      6.65
    58/109     15.5G      1.66      2.07     0.337      4.07        52       768     0.734     0.806     0.829      0.76      2.12      8.98      6.65
    59/109     15.5G      1.64      2.06     0.335      4.04        52       768     0.755     0.817     0.837     0.776      2.12      9.04      6.61
    60/109     15.5G      1.65      2.04     0.324      4.01        52       768     0.745     0.816     0.835     0.769       2.2      9.09      6.61
    61/109     15.5G      1.62      2.01     0.316      3.95        52       768     0.741     0.827     0.836     0.772      2.11      9.08      6.69
    62/109     15.5G      1.58      1.99     0.312      3.89        52       768     0.738      0.83     0.847     0.773      2.03         9      6.68
    63/109     15.5G      1.54      1.98     0.313      3.83        52       768      0.74     0.833     0.843     0.775      2.06      9.14      6.71
    64/109     15.5G      1.54      1.96     0.305       3.8        52       768     0.732     0.828     0.842     0.768      2.08      9.16       6.7
    65/109     15.5G      1.51      1.95     0.296      3.76        52       768     0.733     0.829     0.844     0.769      2.04       9.1       6.7
    66/109     15.5G      1.48      1.91     0.288      3.67        52       768     0.738     0.826     0.841      0.77      2.05      9.22      6.75
    67/109     15.5G      1.43      1.87     0.282      3.58        52       768     0.745     0.813     0.839     0.769      2.02      9.21      6.83
    68/109     15.5G       1.4      1.85     0.274      3.53        52       768     0.754     0.824     0.843     0.778      2.04       9.3      6.64
    69/109     15.5G      1.46      1.88      0.27      3.61        52       768     0.753     0.817     0.839     0.775      2.04      9.27      6.73
    70/109     15.5G      1.39      1.84     0.261      3.49        52       768     0.771     0.812     0.843     0.782      2.02      9.22      6.71
    71/109     15.5G      1.31      1.78     0.256      3.34        52       768     0.784     0.816     0.844     0.791      2.02       9.5      6.62
    72/109     15.5G      1.33      1.79     0.251      3.37        52       768     0.769     0.812     0.842     0.781      2.04      9.25      6.64
    73/109     15.5G      1.32      1.77     0.242      3.33        52       768     0.774     0.815     0.842     0.785      1.99      9.42      6.66
    74/109     15.5G      1.26      1.72     0.239      3.21        52       768     0.765     0.817      0.84     0.782      1.99      9.36      6.64
    75/109     15.5G      1.21      1.68     0.234      3.13        52       768     0.783     0.815     0.842     0.789      1.97      9.55       6.8
    76/109     15.5G      1.19      1.65     0.232      3.07        52       768     0.776     0.802     0.834     0.779      1.99      9.58      6.89
    77/109     15.5G      1.19      1.64     0.224      3.05        52       768      0.78     0.804     0.838     0.783      1.99      9.65      6.98
    78/109     15.5G      1.13       1.6     0.214      2.95        52       768     0.782     0.806     0.839     0.784      1.98      9.75      6.93
    79/109     15.5G       1.1      1.59     0.212       2.9        52       768     0.784     0.814     0.843     0.788      1.98      9.57      6.81
    80/109     15.5G      1.08      1.57     0.205      2.86        52       768     0.778     0.817     0.846     0.787      1.95      9.62      6.73
    81/109     15.5G      1.09      1.57     0.202      2.86        52       768     0.781     0.812     0.843     0.787      1.96      9.66      6.72
    82/109     15.5G      1.04      1.51     0.194      2.74        52       768     0.773     0.815     0.847     0.785      1.95      9.57       6.7
    83/109     15.5G     0.999      1.49     0.188      2.68        52       768     0.776     0.813     0.842     0.786      1.94      9.73      6.69
    84/109     15.5G     0.997      1.48     0.183      2.66        52       768     0.781      0.82     0.845     0.791      1.95      9.61      6.69
    85/109     15.5G     0.989      1.47     0.178      2.63        52       768     0.785     0.816     0.846     0.791      1.94      9.68      6.76
    86/109     15.5G     0.948      1.43     0.172      2.55        52       768     0.788     0.818     0.843     0.793      1.94      9.65      6.78
    87/109     15.5G     0.927      1.42     0.165      2.51        52       768     0.778     0.806     0.842     0.782      1.93      9.72      6.84
    88/109     15.5G     0.884      1.38      0.16      2.42        52       768     0.785     0.813     0.843     0.789      1.92      9.75      6.84
    89/109     15.5G     0.874      1.36     0.156      2.39        52       768     0.784     0.815     0.844      0.79      1.94      9.79      6.95
    90/109     15.5G     0.849      1.33     0.152      2.33        52       768     0.779     0.811     0.844     0.785      1.93      9.74      6.94
    91/109     15.5G     0.815      1.31     0.146      2.27        52       768     0.778     0.817     0.844     0.787      1.93      9.75      6.94
    92/109     15.5G     0.814      1.31     0.141      2.27        52       768     0.775     0.816     0.843     0.786      1.93      9.73      6.93
    93/109     15.5G     0.807      1.29     0.139      2.24        52       768     0.776     0.818     0.845     0.787      1.91      9.72      6.94
    94/109     15.5G     0.766      1.27     0.134      2.17        52       768     0.774     0.819     0.846     0.786      1.91      9.75      6.94
    95/109     15.5G     0.753      1.26      0.13      2.14        52       768     0.777      0.82     0.845     0.789       1.9      9.76      6.95
    96/109     15.5G     0.733      1.24     0.128       2.1        52       768     0.778     0.818     0.845     0.788      1.89      9.79      6.94
    97/109     15.5G     0.727      1.22     0.125      2.07        52       768     0.778     0.816     0.845     0.787      1.91      9.81      6.97
    98/109     15.5G     0.704       1.2     0.123      2.03        52       768      0.78     0.817     0.846     0.789       1.9      9.84      6.96
    99/109     15.5G     0.681      1.18      0.12      1.98        52       768     0.779     0.819     0.846      0.79       1.9      9.86      6.98
   100/109     15.5G     0.683      1.18     0.118      1.98        52       768      0.78     0.818     0.845     0.789       1.9      9.88         7
   101/109     15.5G     0.681      1.19     0.117      1.98        52       768     0.778     0.816     0.845     0.787       1.9      9.92      7.05
   102/109     15.5G     0.671      1.17     0.115      1.96        52       768      0.78     0.816     0.845     0.788      1.89      9.94      7.06
   103/109     15.5G      0.66      1.15     0.114      1.93        52       768      0.78     0.816     0.844     0.789      1.89      9.96      7.06
   104/109     15.5G     0.675      1.18     0.113      1.97        52       768     0.782     0.816     0.845     0.789      1.89      9.95      7.05
   105/109     15.5G     0.656      1.14     0.112      1.91        52       768     0.781     0.814     0.844     0.788      1.89      9.95      7.04
   106/109     15.5G     0.646      1.13     0.111      1.89        52       768     0.778     0.814     0.844     0.787      1.89      9.94      7.04
   107/109     15.5G     0.628      1.11      0.11      1.85        52       768      0.78     0.815     0.844     0.788      1.89      9.95      7.04
   108/109     15.5G     0.616       1.1     0.109      1.82        52       768     0.779     0.814     0.844     0.787      1.89      9.94      7.04
   109/109     15.5G     0.625       1.1     0.108      1.83        52       768     0.778     0.813     0.845     0.787       1.9      9.94      7.04
